6.000000000000000                                   -68.419965258894507
6.004008016032060                                   -68.380409624179819
6.008016032064130                                   -68.340656052861803
6.012024048096190                                   -68.300703201745648
6.016032064128260                                   -68.260549708972349
6.020040080160320                                   -68.220194193702909
6.024048096192380                                   -68.179635255794039
6.028056112224450                                   -68.138871475467667
6.032064128256510                                   -68.097901412973101
6.036072144288580                                   -68.056723608240503
6.040080160320640                                   -68.015336580528242
6.044088176352710                                   -67.973738828060434
6.048096192384770                                   -67.931928827658012
6.052104208416830                                   -67.889905034359927
6.056112224448900                                   -67.847665881036434
6.060120240480960                                   -67.805209777993710
6.064128256513030                                   -67.762535112568230
6.068136272545090                                   -67.719640248713205
6.072144288577150                                   -67.676523526573888
6.076152304609220                                   -67.633183262054004
6.080160320641280                                   -67.589617746371886
6.084168336673350                                   -67.545825245605101
6.088176352705410                                   -67.501804000225860
6.092184368737480                                   -67.457552224623626
6.096192384769540                                   -67.413068106618027
6.100200400801599                                   -67.368349806958349
6.104208416833670                                   -67.323395458812030
6.108216432865730                                   -67.278203167240818
6.112224448897800                                   -67.232771008662894
6.116232464929860                                   -67.187097030303505
6.120240480961920                                   -67.141179249630454
6.124248496993990                                   -67.095015653776585
6.128256513026050                                   -67.048604198948013
6.132264529058120                                   -67.001942809816384
6.136272545090180                                   -66.955029378897549
6.140280561122240                                   -66.907861765912813
6.144288577154310                                   -66.860437797135162
6.148296593186370                                   -66.812755264718731
6.152304609218440                                   -66.764811926010083
6.156312625250500                                   -66.716605502843322
6.160320641282570                                   -66.668133680815089
6.164328657314630                                   -66.619394108542750
6.168336673346690                                   -66.570384396901090
6.172344689378760                                   -66.521102118240435
6.176352705410820                                   -66.471544805584003
6.180360721442890                                   -66.421709951802512
6.184368737474950                                   -66.371595008768949
6.188376753507010                                   -66.321197386488464
6.192384769539079                                   -66.270514452206214
6.196392785571140                                   -66.219543529490835
6.200400801603210                                   -66.168281897291934
6.204408817635269                                   -66.116726788973239
6.208416833667330                                   -66.064875391317457
6.212424849699400                                   -66.012724843504799
6.216432865731460                                   -65.960272236062849
6.220440881763530                                   -65.907514609785821
6.224448897795590                                   -65.854448954625425
6.228456913827660                                   -65.801072208547822
6.232464929859720                                   -65.747381256360626
6.236472945891780                                   -65.693372928503720
6.240480961923850                                   -65.639043999806958
6.244488977955910                                   -65.584391188211740
6.248496993987980                                   -65.529411153453808
6.252505010020040                                   -65.474100495709607
6.256513026052100                                   -65.418455754200636
6.260521042084170                                   -65.362473405757612
6.264529058116230                                   -65.306149863341872
6.268537074148300                                   -65.249481474521104
6.272545090180360                                   -65.192464519900867
6.276553106212430                                   -65.135095211506325
6.280561122244490                                   -65.077369691116843
6.284569138276550                                   -65.019284028546991
6.288577154308620                                   -64.960834219875949
6.292585170340680                                   -64.902016185621846
6.296593186372749                                   -64.842825768857082
6.300601202404810                                   -64.783258733266791
6.304609218436870                                   -64.723310761143281
6.308617234468940                                   -64.662977451317985
6.312625250501000                                   -64.602254317026791
6.316633266533070                                   -64.541136783705198
6.320641282565130                                   -64.479620186713447
6.324649298597190                                   -64.417699768985216
6.328657314629260                                   -64.355370678600266
6.332665330661320                                   -64.292627966276257
6.336673346693390                                   -64.229466582775373
6.340681362725450                                   -64.165881376226125
6.344689378757510                                   -64.101867089351813
6.348697394789580                                   -64.037418356606238
6.352705410821640                                   -63.972529701211222
6.356713426853710                                   -63.907195532089617
6.360721442885770                                   -63.841410140694627
6.364729458917830                                   -63.775167697724918
6.368737474949901                                   -63.708462249725876
6.372745490981960                                   -63.641287715569874
6.376753507014030                                   -63.573637882808725
6.380761523046091                                   -63.505506403897328
6.384769539078160                                   -63.436886792277377
6.388777555110220                                   -63.367772418320428
6.392785571142279                                   -63.298156505118961
6.396793587174350                                   -63.228032124122883
6.400801603206410                                   -63.157392190612754
6.404809619238480                                   -63.086229459000698
6.408817635270540                                   -63.014536517955648
6.412825651302610                                   -62.942305785338874
6.416833667334670                                   -62.869529502947543
6.420841683366730                                   -62.796199731051018
6.424849699398800                                   -62.722308342715067
6.428857715430860                                   -62.647847017902272
6.432865731462930                                   -62.572807237335581
6.436873747494990                                   -62.497180276118726
6.440881763527050                                   -62.420957197096001
6.444889779559120                                   -62.344128843943302
6.448897795591180                                   -62.266685833975053
6.452905811623250                                   -62.188618550651654
6.456913827655310                                   -62.109917135776421
6.460921843687370                                   -62.030571481361193
6.464929859719440                                   -61.950571221148124
6.468937875751500                                   -61.869905721768561
6.472945891783571                                   -61.788564073517236
6.476953907815630                                   -61.706535080728067
6.480961923847690                                   -61.623807251723022
6.484969939879760                                   -61.540368788317508
6.488977955911820                                   -61.456207574855952
6.492985971943890                                   -61.371311166749898
6.496993987975949                                   -61.285666778497010
6.501002004008020                                   -61.199261271145559
6.505010020040080                                   -61.112081139180532
6.509018036072140                                   -61.024112496791659
6.513026052104210                                   -60.935341063494455
6.517034068136270                                   -60.845752149064481
6.521042084168340                                   -60.755330637743000
6.525050100200400                                   -60.664060971677209
6.529058116232460                                   -60.571927133542822
6.533066132264530                                   -60.478912628306333
6.537074148296590                                   -60.385000464072746
6.541082164328660                                   -60.290173131960643
6.545090180360720                                   -60.194412584951280
6.549098196392790                                   -60.097700215640025
6.553106212424850                                   -60.000016832829537
6.557114228456910                                   -59.901342636883619
6.561122244488980                                   -59.801657193768428
6.565130260521040                                   -59.700939407693866
6.569138276553110                                   -59.599167492260548
6.573146292585170                                   -59.496318940020728
6.577154308617230                                   -59.392370490338479
6.581162324649300                                   -59.287298095441052
6.585170340681360                                   -59.181076884535422
6.589178356713430                                   -59.073681125852303
6.593186372745490                                   -58.965084186480745
6.597194388777560                                   -58.855258489827477
6.601202404809620                                   -58.744175470539695
6.605210420841680                                   -58.631805526698706
6.609218436873750                                   -58.518117969091385
6.613226452905810                                   -58.403080967338866
6.617234468937880                                   -58.286661492643297
6.621242484969940                                   -58.168825256902501
6.625250501002000                                   -58.049536647902144
6.629258517034070                                   -57.928758660287627
6.633266533066130                                   -57.806452821977118
6.637274549098200                                   -57.682579115646675
6.641282565130260                                   -57.557095894894921
6.645290581162320                                   -57.429959794637490
6.649298597194390                                   -57.301125635257655
6.653306613226450                                   -57.170546319979493
6.657314629258520                                   -57.038172724877121
6.661322645290579                                   -56.903953580885151
6.665330661322650                                   -56.767835347091484
6.669338677354710                                   -56.629762074539087
6.673346693386771                                   -56.489675259659236
6.677354709418840                                   -56.347513686384247
6.681362725450900                                   -56.203213255869329
6.685370741482970                                   -56.056706802634906
6.689378757515030                                   -55.907923895818321
6.693386773547090                                   -55.756790624051575
6.697394789579160                                   -55.603229362330083
6.701402805611220                                   -55.447158519027788
6.705410821643290                                   -55.288492260989926
6.709418837675350                                   -55.127140214395496
6.713426853707410                                   -54.963007138766656
6.717434869739480                                   -54.795992571190368
6.721442885771540                                   -54.625990437421109
6.725450901803610                                   -54.452888626090612
6.729458917835670                                   -54.276568521753305
6.733466933867740                                   -54.096904491885311
6.737474949899800                                   -53.913763322292390
6.741482965931860                                   -53.727003594557196
6.745490981963930                                   -53.536474998249702
6.749498997995990                                   -53.342017569515541
6.753507014028060                                   -53.143460846372541
6.757515030060120                                   -52.940622929551779
6.761523046092180                                   -52.733309435900139
6.765531062124249                                   -52.521312329264518
6.769539078156310                                   -52.304408611227117
6.773547094188380                                   -52.082358851030094
6.777555110220440                                   -51.854905530403087
6.781563126252510                                   -51.621771174585646
6.785571142284570                                   -51.382656235542107
6.789579158316630                                   -51.137236686843224
6.793587174348700                                   -50.885161281781052
6.797595190380760                                   -50.626048416489766
6.801603206412830                                   -50.359482527751680
6.805611222444890                                   -50.085009940142832
6.809619238476950                                   -49.802134058285013
6.813627254509020                                   -49.510309776251020
6.817635270541080                                   -49.208936945986331
6.821643286573150                                   -48.897352708040685
6.825651302605210                                   -48.574822438229049
6.829659318637280                                   -48.240528999196648
6.833667334669340                                   -47.893559901201364
6.837675350701401                                   -47.532891864233335
6.841683366733470                                   -47.157372123616710
6.845691382765530                                   -46.765695618327342
6.849699398797600                                   -46.356376923543394
6.853707414829660                                   -45.927715403908252
6.857715430861720                                   -45.477751522417378
6.861723446893790                                   -45.004211466605575
6.865731462925850                                   -44.504436130662555
6.869739478957919                                   -43.975288830719172
6.873747494989980                                   -43.413033621907147
6.877755511022040                                   -42.813172210299548
6.881763527054110                                   -42.170221311522383
6.885771543086170                                   -41.477402291689891
6.889779559118240                                   -40.726198048242210
6.893787575150300                                   -39.905702560719668
6.897795591182360                                   -39.001634587471699
6.901803607214430                                   -37.994783226646057
6.905811623246490                                   -36.858440963634713
6.909819639278560                                   -35.553912800780012
6.913827655310620                                   -34.022061579764909
6.917835671342690                                   -32.165775022996343
6.921843687374750                                   -29.808382488381447
6.925851703406810                                   -26.572953810361184
6.929859719438880                                   -21.384089456571562
6.933867735470940                                    -7.340016771094677
6.937875751503010                                   -17.531236440717464
6.941883767535071                                   -24.622808210313298
6.945891783567130                                   -28.475670627213937
6.949899799599200                                   -31.131311532389191
6.953907815631259                                   -33.158409926373444
6.957915831663330                                   -34.797404828016475
6.961923847695390                                   -36.172709708871110
6.965931863727460                                   -37.357104763568529
6.969939879759520                                   -38.396861916623806
6.973947895791580                                   -39.323233843096006
6.977955911823650                                   -40.158323380232986
6.981963927855710                                   -40.918339513661877
6.985971943887780                                   -41.615522744283282
6.989979959919840                                   -42.259343312431959
6.993987975951900                                   -42.857278782444119
6.997995991983970                                   -43.415336613020216
7.002004008016030                                   -43.938415921618613
7.006012024048100                                   -44.430564393767504
7.010020040080160                                   -44.895164816283526
7.014028056112220                                   -45.335073171105023
7.018036072144290                                   -45.752722641597181
7.022044088176350                                   -46.150203154965546
7.026052104208420                                   -46.529323056641267
7.030060120240480                                   -46.891657526687581
7.034068136272540                                   -47.238587017712909
7.038076152304610                                   -47.571328084692020
7.042084168336670                                   -47.890958345133036
7.046092184368741                                   -48.198436861555088
7.050100200400800                                   -48.494620918155185
7.054108216432870                                   -48.780279931064889
7.058116232464929                                   -49.056107060496295
7.062124248496990                                   -49.322728965860250
7.066132264529060                                   -49.580714049196331
7.070140280561120                                   -49.830579459594240
7.074148296593190                                   -50.072797075575110
7.078156312625250                                   -50.307798639311812
7.082164328657310                                   -50.535980183030304
7.086172344689380                                   -50.757705861543101
7.090180360721440                                   -50.973311284035802
7.094188376753510                                   -51.183106421628679
7.098196392785570                                   -51.387378153911527
7.102204408817640                                   -51.586392506958923
7.106212424849700                                   -51.780396626606127
7.110220440881760                                   -51.969620523710383
7.114228456913830                                   -52.154278622293340
7.118236472945890                                   -52.334571136693512
7.122244488977960                                   -52.510685299907358
7.126252505010020                                   -52.682796461998443
7.130260521042081                                   -52.851069074735975
7.134268537074150                                   -53.015657576309479
7.138276553106210                                   -53.176707188049896
7.142284569138280                                   -53.334354633456684
7.146292585170340                                   -53.488728788442501
7.150300601202400                                   -53.639951270552018
7.154308617234470                                   -53.788136973893266
7.158316633266530                                   -53.933394555678206
7.162324649298599                                   -54.075826879535796
7.166332665330660                                   -54.215531420117912
7.170340681362720                                   -54.352600632993173
7.174348697394790                                   -54.487122293335204
7.178356713426850                                   -54.619179806514254
7.182364729458920                                   -54.748852493346988
7.186372745490980                                   -54.876215852438825
7.190380761523050                                   -55.001341801799526
7.194388777555110                                   -55.124298901658513
7.198396793587170                                   -55.245152560216582
7.202404809619240                                   -55.363965223871659
7.206412825651300                                   -55.480796553306263
7.210420841683370                                   -55.595703586682170
7.214428857715430                                   -55.708740891051534
7.218436873747490                                   -55.819960702999992
7.222444889779560                                   -55.929413059419424
7.226452905811620                                   -56.037145919234661
7.230460921843690                                   -56.143205276826009
7.234468937875751                                   -56.247635267812647
7.238476953907820                                   -56.350478267813322
7.242484969939880                                   -56.451774984729155
7.246492985971940                                   -56.551564545058824
7.250501002004010                                   -56.649884574697687
7.254509018036070                                   -56.746771274640778
7.258517034068140                                   -56.842259491972655
7.262525050100200                                   -56.936382786486554
7.266533066132260                                   -57.029173493258540
7.270541082164330                                   -57.120662781461675
7.274549098196390                                   -57.210880709691246
7.278557114228460                                   -57.299856278048210
7.282565130260520                                   -57.387617477200322
7.286573146292590                                   -57.474191334636508
7.290581162324650                                   -57.559603958297465
7.294589178356710                                   -57.643880577766147
7.298597194388780                                   -57.727045583174252
7.302605210420840                                   -57.809122561977794
7.306613226452910                                   -57.890134333741656
7.310621242484970                                   -57.970102983056549
7.314629258517030                                   -58.049049890713242
7.318637274549100                                   -58.126995763238426
7.322645290581160                                   -58.203960660896890
7.326653306613229                                   -58.279964024256060
7.330661322645290                                   -58.355024699396225
7.334669338677350                                   -58.429160961853633
7.338677354709421                                   -58.502390539367951
7.342685370741480                                   -58.574730633506498
7.346693386773550                                   -58.646197940233293
7.350701402805610                                   -58.716808669479008
7.354709418837680                                   -58.786578563776118
7.358717434869740                                   -58.855522916005192
7.362725450901800                                   -58.923656586309612
7.366733466933870                                   -58.990994018219595
7.370741482965930                                   -59.057549254031734
7.374749498998000                                   -59.123335949486695
7.378757515030060                                   -59.188367387778307
7.382765531062120                                   -59.252656492936183
7.386773547094190                                   -59.316215842610198
7.390781563126250                                   -59.379057680290771
7.394789579158320                                   -59.441193926996199
7.398797595190380                                   -59.502636192450204
7.402805611222440                                   -59.563395785781424
7.406813627254510                                   -59.623483725764984
7.410821643286570                                   -59.682910750631130
7.414829659318640                                   -59.741687327464021
7.418837675350700                                   -59.799823661207618
7.422845691382770                                   -59.857329703302511
7.426853707414830                                   -59.914215159967029
7.430861723446890                                   -59.970489500144822
7.434869739478960                                   -60.026161963131116
7.438877755511020                                   -60.081241565894217
7.442885771543090                                   -60.135737110109062
7.446893787575150                                   -60.189657188911610
7.450901803607210                                   -60.243010193392415
7.454909819639280                                   -60.295804318837497
7.458917835671340                                   -60.348047570729520
7.462925851703410                                   -60.399747770521742
7.466933867735470                                   -60.450912561191721
7.470941883767540                                   -60.501549412588474
7.474949899799600                                   -60.551665626578661
7.478957915831660                                   -60.601268342004076
7.482965931863730                                   -60.650364539456369
7.486973947895790                                   -60.698961045877134
7.490981963927860                                   -60.747064538993499
7.494989979959920                                   -60.794681551592163
7.498997995991980                                   -60.841818475642839
7.503006012024051                                   -60.888481566274706
7.507014028056110                                   -60.934676945612793
7.511022044088180                                   -60.980410606481740
7.515030060120240                                   -61.025688415979445
7.519038076152310                                   -61.070516118929135
7.523046092184370                                   -61.114899341211981
7.527054108216429                                   -61.158843592987907
7.531062124248500                                   -61.202354271806634
7.535070140280560                                   -61.245436665614513
7.539078156312630                                   -61.288095955662314
7.543086172344690                                   -61.330337219315069
7.547094188376750                                   -61.372165432771467
7.551102204408820                                   -61.413585473693068
7.555110220440880                                   -61.454602123748458
7.559118236472950                                   -61.495220071076346
7.563126252505010                                   -61.535443912668271
7.567134268537070                                   -61.575278156676951
7.571142284569140                                   -61.614727224650643
7.575150300601200                                   -61.653795453697391
7.579158316633270                                   -61.692487098582411
7.583166332665330                                   -61.730806333759176
7.587174348697400                                   -61.768757255339196
7.591182364729460                                   -61.806343883000025
7.595190380761520                                   -61.843570161836311
7.599198396793590                                   -61.880439964154029
7.603206412825650                                   -61.916957091210598
7.607214428857721                                   -61.953125274903826
7.611222444889780                                   -61.988948179409164
7.615230460921840                                   -62.024429402770018
7.619238476953909                                   -62.059572478440195
7.623246492985970                                   -62.094380876781379
7.627254509018040                                   -62.128858006517859
7.631262525050099                                   -62.163007216147932
7.635270541082170                                   -62.196831795316065
7.639278557114230                                   -62.230334976144526
7.643286573146290                                   -62.263519934528318
7.647294589178360                                   -62.296389791392777
7.651302605210420                                   -62.328947613915737
7.655310621242490                                   -62.361196416716410
7.659318637274550                                   -62.393139163009806
7.663326653306610                                   -62.424778765730757
7.667334669338680                                   -62.456118088625850
7.671342685370740                                   -62.487159947315753
7.675350701402810                                   -62.517907110329283
7.679358717434870                                   -62.548362300108323
7.683366733466930                                   -62.578528193986863
7.687374749499000                                   -62.608407425143028
7.691382765531060                                   -62.638002583525704
7.695390781563130                                   -62.667316216757413
7.699398797595190                                   -62.696350831012126
7.703406813627251                                   -62.725108891871329
7.707414829659320                                   -62.753592825156844
7.711422845691380                                   -62.781805017742016
7.715430861723450                                   -62.809747818342785
7.719438877755510                                   -62.837423538287176
7.723446893787570                                   -62.864834452266230
7.727454909819640                                   -62.891982799065133
7.731462925851700                                   -62.918870782275690
7.735470941883770                                   -62.945500570991726
7.739478957915830                                   -62.971874300485709
7.743486973947900                                   -62.997994072869815
7.747494989979960                                   -63.023861957739349
7.751503006012020                                   -63.049479992801302
7.755511022044090                                   -63.074850184486607
7.759519038076150                                   -63.099974508547618
7.763527054108220                                   -63.124854910641488
7.767535070140280                                   -63.149493306898414
7.771543086172340                                   -63.173891584477211
7.775551102204410                                   -63.198051602106730
7.779559118236470                                   -63.221975190614337
7.783567134268540                                   -63.245664153442569
7.787575150300600                                   -63.269120267152282
7.791583166332670                                   -63.292345281915161
7.795591182364731                                   -63.315340921993489
7.799599198396790                                   -63.338108886209632
7.803607214428860                                   -63.360650848403985
7.807615230460921                                   -63.382968457882185
7.811623246492990                                   -63.405063339852681
7.815631262525050                                   -63.426937095853255
7.819639278557110                                   -63.448591304168581
7.823647294589180                                   -63.470027520237863
7.827655310621240                                   -63.491247277052885
7.831663326653310                                   -63.512252085547928
7.835671342685370                                   -63.533043434979732
7.839679358717430                                   -63.553622793299994
7.843687374749500                                   -63.573991607518863
7.847695390781560                                   -63.594151304060290
7.851703406813630                                   -63.614103289110062
7.855711422845690                                   -63.633848948955361
7.859719438877760                                   -63.653389650317564
7.863727454909820                                   -63.672726740677120
7.867735470941880                                   -63.691861548591760
7.871743486973950                                   -63.710795384007561
7.875751503006010                                   -63.729529538563121
7.879759519038080                                   -63.748065285887563
7.883767535070140                                   -63.766403881891598
7.887775551102200                                   -63.784546565052821
7.891783567134270                                   -63.802494556694555
7.895791583166330                                   -63.820249061258743
7.899799599198401                                   -63.837811266573439
7.903807615230460                                   -63.855182344113985
7.907815631262530                                   -63.872363449259367
7.911823647294590                                   -63.889355721542536
7.915831663326650                                   -63.906160284896025
7.919839679358720                                   -63.922778247892033
7.923847695390780                                   -63.939210703977594
7.927855711422850                                   -63.955458731705164
7.931863727454910                                   -63.971523394957863
7.935871743486970                                   -63.987405743170662
7.939879759519040                                   -64.003106811546630
7.943887775551100                                   -64.018627621268791
7.947895791583170                                   -64.033969179707896
7.951903807615230                                   -64.049132480625502
7.955911823647290                                   -64.064118504373496
7.959919839679360                                   -64.078928218089132
7.963927855711420                                   -64.093562575886111
7.967935871743490                                   -64.108022519042251
7.971943887775550                                   -64.122308976182822
7.975951903807620                                   -64.136422863460709
7.979959919839680                                   -64.150365084732442
7.983967935871740                                   -64.164136531731344
7.987975951903810                                   -64.177738084236580
7.991983967935870                                   -64.191170610239340
7.995991983967940                                   -64.204434966105538
8.000000000000000                                   -64.217531996735133
