6.000000000000000                                   -68.703634906190842
6.004008016032060                                   -68.664151198471956
6.008016032064130                                   -68.624470288781751
6.012024048096190                                   -68.584590845727703
6.016032064128260                                   -68.544511519463825
6.020040080160320                                   -68.504230941378182
6.024048096192380                                   -68.463747723772130
6.028056112224450                                   -68.423060459533431
6.032064128256510                                   -68.382167721802162
6.036072144288580                                   -68.341068063628143
6.040080160320640                                   -68.299760017622233
6.044088176352710                                   -68.258242095598177
6.048096192384770                                   -68.216512788207979
6.052104208416830                                   -68.174570564567532
6.056112224448900                                   -68.132413871874704
6.060120240480960                                   -68.090041135018666
6.064128256513030                                   -68.047450756179316
6.068136272545090                                   -68.004641114418874
6.072144288577150                                   -67.961610565262561
6.076152304609220                                   -67.918357440270512
6.080160320641280                                   -67.874880046599657
6.084168336673350                                   -67.831176666554256
6.088176352705410                                   -67.787245557127420
6.092184368737480                                   -67.743084949530072
6.096192384769540                                   -67.698693048710354
6.100200400801599                                   -67.654068032859840
6.104208416833670                                   -67.609208052909096
6.108216432865730                                   -67.564111232010973
6.112224448897800                                   -67.518775665010139
6.116232464929860                                   -67.473199417901583
6.120240480961920                                   -67.427380527273783
6.124248496993990                                   -67.381316999739624
6.128256513026050                                   -67.335006811353040
6.132264529058120                                   -67.288447907009953
6.136272545090180                                   -67.241638199836103
6.140280561122240                                   -67.194575570557618
6.144288577154310                                   -67.147257866856847
6.148296593186370                                   -67.099682902711862
6.152304609218440                                   -67.051848457718023
6.156312625250500                                   -67.003752276393669
6.160320641282570                                   -66.955392067466249
6.164328657314630                                   -66.906765503141685
6.168336673346690                                   -66.857870218353071
6.172344689378760                                   -66.808703809990618
6.176352705410820                                   -66.759263836111757
6.180360721442890                                   -66.709547815128644
6.184368737474950                                   -66.659553224976264
6.188376753507010                                   -66.609277502256234
6.192384769539079                                   -66.558718041358901
6.196392785571140                                   -66.507872193561695
6.200400801603210                                   -66.456737266101740
6.204408817635269                                   -66.405310521224990
6.208416833667330                                   -66.353589175207347
6.212424849699400                                   -66.301570397350105
6.216432865731460                                   -66.249251308947322
6.220440881763530                                   -66.196628982223189
6.224448897795590                                   -66.143700439241570
6.228456913827660                                   -66.090462650782456
6.232464929859720                                   -66.036912535188790
6.236472945891780                                   -65.983046957178288
6.240480961923850                                   -65.928862726622484
6.244488977955910                                   -65.874356597290614
6.248496993987980                                   -65.819525265555399
6.252505010020040                                   -65.764365369063313
6.256513026052100                                   -65.708873485363682
6.260521042084170                                   -65.653046130498367
6.264529058116230                                   -65.596879757549843
6.268537074148300                                   -65.540370755144352
6.272545090180360                                   -65.483515445911934
6.276553106212430                                   -65.426310084897779
6.280561122244490                                   -65.368750857927509
6.284569138276550                                   -65.310833879919926
6.288577154308620                                   -65.252555193149490
6.292585170340680                                   -65.193910765454845
6.296593186372749                                   -65.134896488389728
6.300601202404810                                   -65.075508175318276
6.304609218436870                                   -65.015741559447875
6.308617234468940                                   -64.955592291800770
6.312625250501000                                   -64.895055939120880
6.316633266533070                                   -64.834127981711731
6.320641282565130                                   -64.772803811206359
6.324649298597190                                   -64.711078728262351
6.328657314629260                                   -64.648947940182666
6.332665330661320                                   -64.586406558457711
6.336673346693390                                   -64.523449596224154
6.340681362725450                                   -64.460071965640907
6.344689378757510                                   -64.396268475174267
6.348697394789580                                   -64.332033826792355
6.352705410821640                                   -64.267362613063924
6.356713426853710                                   -64.202249314155239
6.360721442885770                                   -64.136688294725786
6.364729458917830                                   -64.070673800712797
6.368737474949901                                   -64.004199956004584
6.372745490981960                                   -63.937260758996345
6.376753507014030                                   -63.869850079020964
6.380761523046091                                   -63.801961652654732
6.384769539078160                                   -63.733589079886656
6.388777555110220                                   -63.664725820150736
6.392785571142279                                   -63.595365188210344
6.396793587174350                                   -63.525500349892184
6.400801603206410                                   -63.455124317661316
6.404809619238480                                   -63.384229946028448
6.408817635270540                                   -63.312809926786528
6.412825651302610                                   -63.240856784062672
6.416833667334670                                   -63.168362869183440
6.420841683366730                                   -63.095320355338686
6.424849699398800                                   -63.021721232039255
6.428857715430860                                   -62.947557299357143
6.432865731462930                                   -62.872820161935579
6.436873747494990                                   -62.797501222762975
6.440881763527050                                   -62.721591676693777
6.444889779559120                                   -62.645082503708245
6.448897795591180                                   -62.567964461896821
6.452905811623250                                   -62.490228080153479
6.456913827655310                                   -62.411863650568094
6.460921843687370                                   -62.332861220497335
6.464929859719440                                   -62.253210584302288
6.468937875751500                                   -62.172901274734052
6.472945891783571                                   -62.091922553946759
6.476953907815630                                   -62.010263404124387
6.480961923847690                                   -61.927912517694125
6.484969939879760                                   -61.844858287110270
6.488977955911820                                   -61.761088794183294
6.492985971943890                                   -61.676591798927383
6.496993987975949                                   -61.591354727905852
6.501002004008020                                   -61.505364662040009
6.505010020040080                                   -61.418608323858891
6.509018036072140                                   -61.331072064151499
6.513026052104210                                   -61.242741847993699
6.517034068136270                                   -61.153603240111764
6.521042084168340                                   -61.063641389542191
6.525050100200400                                   -60.972841013552554
6.529058116232460                                   -60.881186380773258
6.533066132264530                                   -60.788661293499295
6.537074148296590                                   -60.695249069109856
6.541082164328660                                   -60.600932520550394
6.545090180360720                                   -60.505693935825711
6.549098196392790                                   -60.409515056435737
6.553106212424850                                   -60.312377054695752
6.557114228456910                                   -60.214260509863600
6.561122244488980                                   -60.115145383003792
6.565130260521040                                   -60.015010990505175
6.569138276553110                                   -59.913835976161629
6.573146292585170                                   -59.811598281728493
6.577154308617230                                   -59.708275115845161
6.581162324649300                                   -59.603842921220604
6.585170340681360                                   -59.498277339962044
6.589178356713430                                   -59.391553176915011
6.593186372745490                                   -59.283644360884949
6.597194388777560                                   -59.174523903581957
6.601202404809620                                   -59.064163856135735
6.605210420841680                                   -58.952535262997110
6.609218436873750                                   -58.839608113043042
6.613226452905810                                   -58.725351287675494
6.617234468937880                                   -58.609732505686964
6.621242484969940                                   -58.492718264655814
6.625250501002000                                   -58.374273778595686
6.629258517034070                                   -58.254362911577147
6.633266533066130                                   -58.132948107001042
6.637274549098200                                   -58.009990312174260
6.641282565130260                                   -57.885448897817071
6.645290581162320                                   -57.759281572076972
6.649298597194390                                   -57.631444288602196
6.653306613226450                                   -57.501891148171424
6.657314629258520                                   -57.370574293327024
6.661322645290579                                   -57.237443795414286
6.665330661322650                                   -57.102447533349775
6.669338677354710                                   -56.965531063392589
6.673346693386771                                   -56.826637479093506
6.677354709418840                                   -56.685707260529696
6.681362725450900                                   -56.542678111821061
6.685370741482970                                   -56.397484785814939
6.689378757515030                                   -56.250058894713312
6.693386773547090                                   -56.100328705255500
6.697394789579160                                   -55.948218916930259
6.701402805611220                                   -55.793650421497397
6.705410821643290                                   -55.636540041891337
6.709418837675350                                   -55.476800248360263
6.713426853707410                                   -55.314338849403001
6.717434869739480                                   -55.149058654780710
6.721442885771540                                   -54.980857107515945
6.725450901803610                                   -54.809625881385642
6.729458917835670                                   -54.635250439960998
6.733466933867740                                   -54.457609552687728
6.737474949899800                                   -54.276574762898370
6.741482965931860                                   -54.092009801895166
6.745490981963930                                   -53.903769942421327
6.749498997995990                                   -53.711701283830962
6.753507014028060                                   -53.515639960106462
6.757515030060120                                   -53.315411260524485
6.761523046092180                                   -53.110828651130277
6.765531062124249                                   -52.901692683297838
6.769539078156310                                   -52.687789773364386
6.773547094188380                                   -52.468890834616019
6.777555110220440                                   -52.244749739668926
6.781563126252510                                   -52.015101587353520
6.785571142284570                                   -51.779660743513759
6.789579158316630                                   -51.538118619359565
6.793587174348700                                   -51.290141144039261
6.797595190380760                                   -51.035365879487586
6.801603206412830                                   -50.773398715010359
6.805611222444890                                   -50.503810065956252
6.809619238476950                                   -50.226130484399256
6.813627254509020                                   -49.939845569221418
6.817635270541080                                   -49.644390036959322
6.821643286573150                                   -49.339140781677429
6.825651302605210                                   -49.023408709714843
6.829659318637280                                   -48.696429080228320
6.833667334669340                                   -48.357350010940586
6.837675350701401                                   -48.005218714284354
6.841683366733470                                   -47.638964904008233
6.845691382765530                                   -47.257380644182263
6.849699398797600                                   -46.859095684152486
6.853707414829660                                   -46.442547008918027
6.857715430861720                                   -46.005940896518290
6.861723446893790                                   -45.547205154846225
6.865731462925850                                   -45.063928320465799
6.869739478957919                                   -44.553281300895122
6.873747494989980                                   -44.011915002382366
6.877755511022040                                   -43.435824531778088
6.881763527054110                                   -42.820165955785029
6.885771543086170                                   -42.159004225179189
6.889779559118240                                   -41.444958697589122
6.893787575150300                                   -40.668691895332131
6.897795591182360                                   -39.818150170323612
6.901803607214430                                   -38.877396142805388
6.905811623246490                                   -37.824737519449570
6.909819639278560                                   -36.629572946383540
6.913827655310620                                   -35.246729366951108
6.917835671342690                                   -33.605436916172948
6.921843687374750                                   -31.585395276977756
6.925851703406810                                   -28.956099427405992
6.929859719438880                                   -25.180507526639630
6.933867735470940                                   -18.398927276855424
6.937875751503010                                    -5.492320807532344
6.941883767535071                                   -21.186700585745271
6.945891783567130                                   -26.546121523814655
6.949899799599200                                   -29.832986913548105
6.953907815631259                                   -32.207684888192212
6.957915831663330                                   -34.066844147836008
6.961923847695390                                   -35.594124515993350
6.965931863727460                                   -36.889742620017373
6.969939879759520                                   -38.014424610558507
6.973947895791580                                   -39.007763083637926
6.977955911823650                                   -39.897010873736420
6.981963927855710                                   -40.701729289510588
6.985971943887780                                   -41.436434999989338
6.989979959919840                                   -42.112198054365535
6.993987975951900                                   -42.737653341616273
6.997995991983970                                   -43.319666260491289
7.002004008016030                                   -43.863785419029789
7.006012024048100                                   -44.374559230226907
7.010020040080160                                   -44.855762732899507
7.014028056112220                                   -45.310563552468430
7.018036072144290                                   -45.741645602914112
7.022044088176350                                   -46.151302818788864
7.026052104208420                                   -46.541511229071297
7.030060120240480                                   -46.913985113711306
7.034068136272540                                   -47.270221283325647
7.038076152304610                                   -47.611534374322019
7.042084168336670                                   -47.939085261993441
7.046092184368741                                   -48.253904141585764
7.050100200400800                                   -48.556909434727523
7.054108216432870                                   -48.848923395763791
7.058116232464929                                   -49.130685085944052
7.062124248496990                                   -49.402861230860793
7.066132264529060                                   -49.666055362479177
7.070140280561120                                   -49.920815561050098
7.074148296593190                                   -50.167641046597360
7.078156312625250                                   -50.406987819197617
7.082164328657310                                   -50.639273508176650
7.086172344689380                                   -50.864881559729874
7.090180360721440                                   -51.084164868409147
7.094188376753510                                   -51.297448938822470
7.098196392785570                                   -51.505034648625532
7.102204408817640                                   -51.707200671673888
7.106212424849700                                   -51.904205610278325
7.110220440881760                                   -52.096289877500908
7.114228456913830                                   -52.283677363841754
7.118236472945890                                   -52.466576917292436
7.122244488977960                                   -52.645183661291185
7.126252505010020                                   -52.819680171418490
7.130260521042081                                   -52.990237528630914
7.134268537074150                                   -53.157016264250842
7.138276553106210                                   -53.320167209796693
7.142284569138280                                   -53.479832262927864
7.146292585170340                                   -53.636145079241835
7.150300601202400                                   -53.789231698382515
7.154308617234470                                   -53.939211111797512
7.158316633266530                                   -54.086195778553929
7.162324649298599                                   -54.230292094815852
7.166332665330660                                   -54.371600821883092
7.170340681362720                                   -54.510217477113144
7.174348697394790                                   -54.646232691515912
7.178356713426850                                   -54.779732537375864
7.182364729458920                                   -54.910798828869957
7.186372745490980                                   -55.039509398301973
7.190380761523050                                   -55.165938350296983
7.194388777555110                                   -55.290156296024577
7.198396793587170                                   -55.412230569313301
7.202404809619240                                   -55.532225426303498
7.206412825651300                                   -55.650202230123547
7.210420841683370                                   -55.766219621920726
7.214428857715430                                   -55.880333679431743
7.218436873747490                                   -55.992598064175439
7.222444889779560                                   -56.103064158225713
7.226452905811620                                   -56.211781191441176
7.230460921843690                                   -56.318796359941530
7.234468937875751                                   -56.424154936537462
7.238476953907820                                   -56.527900373768546
7.242484969939880                                   -56.630074400127583
7.246492985971940                                   -56.730717110012002
7.250501002004010                                   -56.829867047881351
7.254509018036070                                   -56.927561287064876
7.258517034068140                                   -57.023835503624660
7.262525050100200                                   -57.118724045636327
7.266533066132260                                   -57.212259998231197
7.270541082164330                                   -57.304475244701024
7.274549098196390                                   -57.395400523951075
7.278557114228460                                   -57.485065484562064
7.282565130260520                                   -57.573498735692532
7.286573146292590                                   -57.660727895048105
7.290581162324650                                   -57.746779634110716
7.294589178356710                                   -57.831679720820539
7.298597194388780                                   -57.915453059874935
7.302605210420840                                   -57.998123730805219
7.306613226452910                                   -58.079715023977997
7.310621242484970                                   -58.160249474650684
7.314629258517030                                   -58.239748895212109
7.318637274549100                                   -58.318234405717732
7.322645290581160                                   -58.395726462828897
7.326653306613229                                   -58.472244887256991
7.330661322645290                                   -58.547808889799384
7.334669338677350                                   -58.622437096058789
7.338677354709421                                   -58.696147569920321
7.342685370741480                                   -58.768957835862416
7.346693386773550                                   -58.840884900172213
7.350701402805610                                   -58.911945271124480
7.354709418837680                                   -58.982154978190600
7.358717434869740                                   -59.051529590326311
7.362725450901800                                   -59.120084233397080
7.366733466933870                                   -59.187833606784508
7.370741482965930                                   -59.254791999221446
7.374749498998000                                   -59.320973303900296
7.378757515030060                                   -59.386391032889421
7.382765531062120                                   -59.451058330901041
7.386773547094190                                   -59.514987988440552
7.390781563126250                                   -59.578192454372243
7.394789579158320                                   -59.640683847934071
7.398797595190380                                   -59.702473970225576
7.402805611222440                                   -59.763574315201751
7.406813627254510                                   -59.823996080194000
7.410821643286570                                   -59.883750175983963
7.414829659318640                                   -59.942847236454227
7.418837675350700                                   -60.001297627833580
7.422845691382770                                   -60.059111457561329
7.426853707414830                                   -60.116298582784857
7.430861723446890                                   -60.172868618513071
7.434869739478960                                   -60.228830945438560
7.438877755511020                                   -60.284194717445807
7.442885771543090                                   -60.338968868822349
7.446893787575150                                   -60.393162121182648
7.450901803607210                                   -60.446782990123033
7.454909819639280                                   -60.499839791616694
7.458917835671340                                   -60.552340648161646
7.462925851703410                                   -60.604293494694957
7.466933867735470                                   -60.655706084280283
7.470941883767540                                   -60.706585993582891
7.474949899799600                                   -60.756940628137983
7.478957915831660                                   -60.806777227424931
7.482965931863730                                   -60.856102869753570
7.486973947895790                                   -60.904924476971090
7.490981963927860                                   -60.953248818999683
7.494989979959920                                   -61.001082518208307
7.498997995991980                                   -61.048432053629739
7.503006012024051                                   -61.095303765026557
7.507014028056110                                   -61.141703856813379
7.511022044088180                                   -61.187638401842854
7.515030060120240                                   -61.233113345058065
7.519038076152310                                   -61.278134507020255
7.523046092184370                                   -61.322707587313900
7.527054108216429                                   -61.366838167837017
7.531062124248500                                   -61.410531715978948
7.535070140280560                                   -61.453793587691251
7.539078156312630                                   -61.496629030456951
7.543086172344690                                   -61.539043186159532
7.547094188376750                                   -61.581041093858943
7.551102204408820                                   -61.622627692475447
7.555110220440880                                   -61.663807823386144
7.559118236472950                                   -61.704586232938439
7.563126252505010                                   -61.744967574881244
7.567134268537070                                   -61.784956412719922
7.571142284569140                                   -61.824557221995491
7.575150300601200                                   -61.863774392492090
7.579158316633270                                   -61.902612230375823
7.583166332665330                                   -61.941074960266000
7.587174348697400                                   -61.979166727243324
7.591182364729460                                   -62.016891598795041
7.595190380761520                                   -62.054253566701874
7.599198396793590                                   -62.091256548866632
7.603206412825650                                   -62.127904391087569
7.607214428857721                                   -62.164200868779446
7.611222444889780                                   -62.200149688641631
7.615230460921840                                   -62.235754490278296
7.619238476953909                                   -62.271018847769540
7.623246492985970                                   -62.305946271196753
7.627254509018040                                   -62.340540208124025
7.631262525050099                                   -62.374804045035560
7.635270541082170                                   -62.408741108732720
7.639278557114230                                   -62.442354667689827
7.643286573146290                                   -62.475647933372471
7.647294589178360                                   -62.508624061517573
7.651302605210420                                   -62.541286153377371
7.655310621242490                                   -62.573637256929338
7.659318637274550                                   -62.605680368051011
7.663326653306610                                   -62.637418431663576
7.667334669338680                                   -62.668854342843005
7.671342685370740                                   -62.699990947900659
7.675350701402810                                   -62.730831045435302
7.679358717434870                                   -62.761377387355168
7.683366733466930                                   -62.791632679873750
7.687374749499000                                   -62.821599584478022
7.691382765531060                                   -62.851280718870669
7.695390781563130                                   -62.880678657888112
7.699398797595190                                   -62.909795934393088
7.703406813627251                                   -62.938635040144852
7.707414829659320                                   -62.967198426645808
7.711422845691380                                   -62.995488505966158
7.715430861723450                                   -63.023507651547760
7.719438877755510                                   -63.051258198986289
7.723446893787570                                   -63.078742446794337
7.727454909819640                                   -63.105962657144289
7.731462925851700                                   -63.132921056592352
7.735470941883770                                   -63.159619836784941
7.739478957915830                                   -63.186061155146199
7.743486973947900                                   -63.212247135549489
7.747494989979960                                   -63.238179868970974
7.751503006012020                                   -63.263861414127966
7.755511022044090                                   -63.289293798100900
7.759519038076150                                   -63.314479016939970
7.763527054108220                                   -63.339419036257631
7.767535070140280                                   -63.364115791805567
7.771543086172340                                   -63.388571190038803
7.775551102204410                                   -63.412787108665398
7.779559118236470                                   -63.436765397182995
7.783567134268540                                   -63.460507877403252
7.787575150300600                                   -63.484016343962665
7.791583166332670                                   -63.507292564822365
7.795591182364731                                   -63.530338281755199
7.799599198396790                                   -63.553155210822148
7.803607214428860                                   -63.575745042837028
7.807615230460921                                   -63.598109443820420
7.811623246492990                                   -63.620250055443613
7.815631262525050                                   -63.642168495461384
7.819639278557110                                   -63.663866358135721
7.823647294589180                                   -63.685345214649303
7.827655310621240                                   -63.706606613509408
7.831663326653310                                   -63.727652080943429
7.835671342685370                                   -63.748483121284316
7.839679358717430                                   -63.769101217348393
7.843687374749500                                   -63.789507830804098
7.847695390781560                                   -63.809704402532361
7.851703406813630                                   -63.829692352979563
7.855711422845690                                   -63.849473082501973
7.859719438877760                                   -63.869047971703168
7.863727454909820                                   -63.888418381763479
7.867735470941880                                   -63.907585654762741
7.871743486973950                                   -63.926551113995586
7.875751503006010                                   -63.945316064279929
7.879759519038080                                   -63.963881792259130
7.883767535070140                                   -63.982249566696979
7.887775551102200                                   -64.000420638767054
7.891783567134270                                   -64.018396242335299
7.895791583166330                                   -64.036177594236761
7.899799599198401                                   -64.053765894546615
7.903807615230460                                   -64.071162326845027
7.907815631262530                                   -64.088368058476959
7.911823647294590                                   -64.105384240805819
7.915831663326650                                   -64.122212009462515
7.919839679358720                                   -64.138852484588725
7.923847695390780                                   -64.155306771075232
7.927855711422850                                   -64.171575958795643
7.931863727454910                                   -64.187661122834584
7.935871743486970                                   -64.203563323711975
7.939879759519040                                   -64.219283607602065
7.943887775551100                                   -64.234823006548112
7.947895791583170                                   -64.250182538672988
7.951903807615230                                   -64.265363208384912
7.955911823647290                                   -64.280366006579655
7.959919839679360                                   -64.295191910838085
7.963927855711420                                   -64.309841885619903
7.967935871743490                                   -64.324316882453672
7.971943887775550                                   -64.338617840122652
7.975951903807620                                   -64.352745684847264
7.979959919839680                                   -64.366701330463513
7.983967935871740                                   -64.380485678598347
7.987975951903810                                   -64.394099618841025
7.991983967935870                                   -64.407544028911332
7.995991983967940                                   -64.420819774824565
8.000000000000000                                   -64.433927711052860
