6.000000000000000                                      0.000379316502130
6.004008016032060                                      0.000381047852858
6.008016032064130                                      0.000382795829320
6.012024048096190                                      0.000384560647104
6.016032064128260                                      0.000386342525595
6.020040080160320                                      0.000388141688064
6.024048096192380                                      0.000389958361748
6.028056112224450                                      0.000391792777943
6.032064128256510                                      0.000393645172089
6.036072144288580                                      0.000395515783865
6.040080160320640                                      0.000397404857284
6.044088176352710                                      0.000399312640787
6.048096192384770                                      0.000401239387349
6.052104208416830                                      0.000403185354575
6.056112224448900                                      0.000405150804812
6.060120240480960                                      0.000407136005251
6.064128256513030                                      0.000409141228043
6.068136272545090                                      0.000411166750414
6.072144288577150                                      0.000413212854778
6.076152304609220                                      0.000415279828862
6.080160320641280                                      0.000417367965831
6.084168336673350                                      0.000419477564411
6.088176352705410                                      0.000421608929026
6.092184368737480                                      0.000423762369933
6.096192384769540                                      0.000425938203355
6.100200400801599                                      0.000428136751633
6.104208416833670                                      0.000430358343366
6.108216432865730                                      0.000432603313568
6.112224448897800                                      0.000434872003822
6.116232464929860                                      0.000437164762438
6.120240480961920                                      0.000439481944624
6.124248496993990                                      0.000441823912652
6.128256513026050                                      0.000444191036035
6.132264529058120                                      0.000446583691708
6.136272545090180                                      0.000449002264214
6.140280561122240                                      0.000451447145895
6.144288577154310                                      0.000453918737090
6.148296593186370                                      0.000456417446340
6.152304609218440                                      0.000458943690596
6.156312625250500                                      0.000461497895436
6.160320641282570                                      0.000464080495288
6.164328657314630                                      0.000466691933663
6.168336673346690                                      0.000469332663386
6.172344689378760                                      0.000472003146848
6.176352705410820                                      0.000474703856253
6.180360721442890                                      0.000477435273883
6.184368737474950                                      0.000480197892362
6.188376753507010                                      0.000482992214938
6.192384769539079                                      0.000485818755770
6.196392785571140                                      0.000488678040219
6.200400801603210                                      0.000491570605158
6.204408817635269                                      0.000494496999289
6.208416833667330                                      0.000497457783463
6.212424849699400                                      0.000500453531023
6.216432865731460                                      0.000503484828150
6.220440881763530                                      0.000506552274225
6.224448897795590                                      0.000509656482196
6.228456913827660                                      0.000512798078971
6.232464929859720                                      0.000515977705808
6.236472945891780                                      0.000519196018733
6.240480961923850                                      0.000522453688963
6.244488977955910                                      0.000525751403349
6.248496993987980                                      0.000529089864828
6.252505010020040                                      0.000532469792904
6.256513026052100                                      0.000535891924127
6.260521042084170                                      0.000539357012608
6.264529058116230                                      0.000542865830539
6.268537074148300                                      0.000546419168740
6.272545090180360                                      0.000550017837221
6.276553106212430                                      0.000553662665765
6.280561122244490                                      0.000557354504536
6.284569138276550                                      0.000561094224708
6.288577154308620                                      0.000564882719112
6.292585170340680                                      0.000568720902917
6.296593186372749                                      0.000572609714328
6.300601202404810                                      0.000576550115314
6.304609218436870                                      0.000580543092367
6.308617234468940                                      0.000584589657282
6.312625250501000                                      0.000588690847976
6.316633266533070                                      0.000592847729334
6.320641282565130                                      0.000597061394087
6.324649298597190                                      0.000601332963729
6.328657314629260                                      0.000605663589466
6.332665330661320                                      0.000610054453207
6.336673346693390                                      0.000614506768592
6.340681362725450                                      0.000619021782061
6.344689378757510                                      0.000623600773969
6.348697394789580                                      0.000628245059746
6.352705410821640                                      0.000632955991106
6.356713426853710                                      0.000637734957300
6.360721442885770                                      0.000642583386433
6.364729458917830                                      0.000647502746825
6.368737474949901                                      0.000652494548436
6.372745490981960                                      0.000657560344353
6.376753507014030                                      0.000662701732335
6.380761523046091                                      0.000667920356433
6.384769539078160                                      0.000673217908674
6.388777555110220                                      0.000678596130824
6.392785571142279                                      0.000684056816225
6.396793587174350                                      0.000689601811717
6.400801603206410                                      0.000695233019648
6.404809619238480                                      0.000700952399969
6.408817635270540                                      0.000706761972434
6.412825651302610                                      0.000712663818890
6.416833667334670                                      0.000718660085688
6.420841683366730                                      0.000724752986188
6.424849699398800                                      0.000730944803403
6.428857715430860                                      0.000737237892751
6.432865731462930                                      0.000743634684948
6.436873747494990                                      0.000750137689040
6.440881763527050                                      0.000756749495581
6.444889779559120                                      0.000763472779967
6.448897795591180                                      0.000770310305938
6.452905811623250                                      0.000777264929246
6.456913827655310                                      0.000784339601522
6.460921843687370                                      0.000791537374324
6.464929859719440                                      0.000798861403407
6.468937875751500                                      0.000806314953197
6.472945891783571                                      0.000813901401514
6.476953907815630                                      0.000821624244533
6.480961923847690                                      0.000829487102011
6.484969939879760                                      0.000837493722792
6.488977955911820                                      0.000845647990614
6.492985971943890                                      0.000853953930225
6.496993987975949                                      0.000862415713840
6.501002004008020                                      0.000871037667952
6.505010020040080                                      0.000879824280531
6.509018036072140                                      0.000888780208621
6.513026052104210                                      0.000897910286376
6.517034068136270                                      0.000907219533558
6.521042084168340                                      0.000916713164527
6.525050100200400                                      0.000926396597758
6.529058116232460                                      0.000936275465927
6.533066132264530                                      0.000946355626596
6.537074148296590                                      0.000956643173545
6.541082164328660                                      0.000967144448799
6.545090180360720                                      0.000977866055396
6.549098196392790                                      0.000988814870945
6.553106212424850                                      0.000999998062051
6.557114228456910                                      0.001011423099646
6.561122244488980                                      0.001023097775316
6.565130260521040                                      0.001035030218684
6.569138276553110                                      0.001047228915939
6.573146292585170                                      0.001059702729598
6.577154308617230                                      0.001072460919595
6.581162324649300                                      0.001085513165809
6.585170340681360                                      0.001098869592130
6.589178356713430                                      0.001112540792218
6.593186372745490                                      0.001126537857058
6.597194388777560                                      0.001140872404487
6.601202404809620                                      0.001155556610852
6.605210420841680                                      0.001170603244969
6.609218436873750                                      0.001186025704601
6.613226452905810                                      0.001201838055658
6.617234468937880                                      0.001218055074366
6.621242484969940                                      0.001234692292674
6.625250501002000                                      0.001251766047188
6.629258517034070                                      0.001269293531954
6.633266533066130                                      0.001287292855455
6.637274549098200                                      0.001305783102215
6.641282565130260                                      0.001324784399449
6.645290581162320                                      0.001344317989254
6.649298597194390                                      0.001364406306877
6.653306613226450                                      0.001385073065673
6.657314629258520                                      0.001406343349432
6.661322645290579                                      0.001428243712816
6.665330661322650                                      0.001450802290768
6.669338677354710                                      0.001474048917836
6.673346693386771                                      0.001498015258464
6.677354709418840                                      0.001522734949473
6.681362725450900                                      0.001548243756044
6.685370741482970                                      0.001574579742759
6.689378757515030                                      0.001601783461399
6.693386773547090                                      0.001629898157451
6.697394789579160                                      0.001658969997542
6.701402805611220                                      0.001689048320307
6.705410821643290                                      0.001720185913569
6.709418837675350                                      0.001752439321093
6.713426853707410                                      0.001785869182676
6.717434869739480                                      0.001820540611870
6.721442885771540                                      0.001856523616288
6.725450901803610                                      0.001893893566201
6.729458917835670                                      0.001932731718032
6.733466933867740                                      0.001973125800389
6.737474949899800                                      0.002015170671537
6.741482965931860                                      0.002058969058678
6.745490981963930                                      0.002104632391173
6.749498997995990                                      0.002152281741911
6.753507014028060                                      0.002202048893604
6.757515030060120                                      0.002254077549740
6.761523046092180                                      0.002308524713663
6.765531062124249                                      0.002365562263620
6.769539078156310                                      0.002425378757076
6.773547094188380                                      0.002488181504199
6.777555110220440                                      0.002554198958541
6.781563126252510                                      0.002623683483013
6.785571142284570                                      0.002696914561755
6.789579158316630                                      0.002774202544035
6.793587174348700                                      0.002855893025964
6.797595190380760                                      0.002942372000443
6.801603206412830                                      0.003034071937269
6.805611222444890                                      0.003131478995432
6.809619238476950                                      0.003235141621483
6.813627254509020                                      0.003345680855010
6.817635270541080                                      0.003463802750167
6.821643286573150                                      0.003590313438135
6.825651302605210                                      0.003726137509628
6.829659318637280                                      0.003872340603778
6.833667334669340                                      0.004030157370854
6.837675350701401                                      0.004201026361865
6.841683366733470                                      0.004386633933142
6.845691382765530                                      0.004588970005736
6.849699398797600                                      0.004810399590013
6.853707414829660                                      0.005053755532817
6.857715430861720                                      0.005322460215932
6.861723446893790                                      0.005620687327724
6.865731462925850                                      0.005953579996196
6.869739478957919                                      0.006327549604371
6.873747494989980                                      0.006750692390603
6.877755511022040                                      0.007233381806541
6.881763527054110                                      0.007789129680419
6.885771543086170                                      0.008435870134832
6.889779559118240                                      0.009197929946957
6.893787575150300                                      0.010109155383821
6.897795591182360                                      0.011218073228206
6.901803607214430                                      0.012596817535681
6.905811623246490                                      0.014357471134742
6.909819639278560                                      0.016684160534439
6.913827655310620                                      0.019902009124364
6.917835671342690                                      0.024644002765112
6.921843687374750                                      0.032328151715834
6.925851703406810                                      0.046919384843843
6.929859719438880                                      0.085269855529765
6.933867735470940                                      0.429535597398015
6.937875751503010                                      0.132873439765999
6.941883767535071                                      0.058729944371662
6.945891783567130                                      0.037689160907129
6.949899799599200                                      0.027760956358242
6.953907815631259                                      0.021982622586159
6.957915831663330                                      0.018202446304559
6.961923847695390                                      0.015536905153584
6.965931863727460                                      0.013556412080695
6.969939879759520                                      0.012026988734377
6.973947895791580                                      0.010810313976247
6.977955911823650                                      0.009819374661374
6.981963927855710                                      0.008996695554191
6.985971943887780                                      0.008302786352404
6.989979959919840                                      0.007709617546152
6.993987975951900                                      0.007196744107436
6.997995991983970                                      0.006748902738148
7.002004008016030                                      0.006354468101110
7.006012024048100                                      0.006004429919148
7.010020040080160                                      0.005691696829843
7.014028056112220                                      0.005410611377769
7.018036072144290                                      0.005156605030139
7.022044088176350                                      0.004925948218753
7.026052104208420                                      0.004715566211338
7.030060120240480                                      0.004522901436535
7.034068136272540                                      0.004345809141315
7.038076152304610                                      0.004182477330979
7.042084168336670                                      0.004031364645079
7.046092184368741                                      0.003891151650120
7.050100200400800                                      0.003760702286010
7.054108216432870                                      0.003639033079697
7.058116232464929                                      0.003525288359709
7.062124248496990                                      0.003418720149880
7.066132264529060                                      0.003318671743105
7.070140280561120                                      0.003224564192592
7.074148296593190                                      0.003135885133426
7.078156312625250                                      0.003052179478591
7.082164328657310                                      0.002973041632702
7.086172344689380                                      0.002898108942259
7.090180360721440                                      0.002827056159231
7.094188376753510                                      0.002759590739664
7.098196392785570                                      0.002695448833993
7.102204408817640                                      0.002634391853154
7.106212424849700                                      0.002576203516297
7.110220440881760                                      0.002520687303093
7.114228456913830                                      0.002467664247396
7.118236472945890                                      0.002416971020057
7.122244488977960                                      0.002368458257633
7.126252505010020                                      0.002321989100963
7.130260521042081                                      0.002277437913499
7.134268537074150                                      0.002234689154110
7.138276553106210                                      0.002193636383067
7.142284569138280                                      0.002154181383214
7.146292585170340                                      0.002116233381034
7.150300601202400                                      0.002079708354620
7.154308617234470                                      0.002044528417437
7.158316633266530                                      0.002010621268379
7.162324649298599                                      0.001977919699922
7.166332665330660                                      0.001946361157366
7.170340681362720                                      0.001915887343056
7.174348697394790                                      0.001886443860333
7.178356713426850                                      0.001857979892626
7.182364729458920                                      0.001830447913714
7.186372745490980                                      0.001803803425681
7.190380761523050                                      0.001778004721513
7.194388777555110                                      0.001753012669691
7.198396793587170                                      0.001728790518431
7.202404809619240                                      0.001705303717505
7.206412825651300                                      0.001682519755848
7.210420841683370                                      0.001660408013317
7.214428857715430                                      0.001638939625204
7.218436873747490                                      0.001618087358233
7.222444889779560                                      0.001597825496921
7.226452905811620                                      0.001578129739310
7.230460921843690                                      0.001558977101171
7.234468937875751                                      0.001540345827906
7.238476953907820                                      0.001522215313414
7.242484969939880                                      0.001504566025302
7.246492985971940                                      0.001487379435867
7.250501002004010                                      0.001470637958331
7.254509018036070                                      0.001454324887873
7.258517034068140                                      0.001438424347041
7.262525050100200                                      0.001422921235168
7.266533066132260                                      0.001407801181458
7.270541082164330                                      0.001393050501425
7.274549098196390                                      0.001378656156420
7.278557114228460                                      0.001364605715989
7.282565130260520                                      0.001350887322831
7.286573146292590                                      0.001337489660153
7.290581162324650                                      0.001324401921229
7.294589178356710                                      0.001311613781000
7.298597194388780                                      0.001299115369538
7.302605210420840                                      0.001286897247261
7.306613226452910                                      0.001274950381736
7.310621242484970                                      0.001263266125977
7.314629258517030                                      0.001251836198114
7.318637274549100                                      0.001240652662326
7.322645290581160                                      0.001229707910976
7.326653306613229                                      0.001218994647820
7.330661322645290                                      0.001208505872254
7.334669338677350                                      0.001198234864495
7.338677354709421                                      0.001188175171655
7.342685370741480                                      0.001178320594628
7.346693386773550                                      0.001168665175745
7.350701402805610                                      0.001159203187145
7.354709418837680                                      0.001149929119811
7.358717434869740                                      0.001140837673222
7.362725450901800                                      0.001131923745597
7.366733466933870                                      0.001123182424675
7.370741482965930                                      0.001114608979002
7.374749498998000                                      0.001106198849702
7.378757515030060                                      0.001097947642687
7.382765531062120                                      0.001089851121285
7.386773547094190                                      0.001081905199267
7.390781563126250                                      0.001074105934233
7.394789579158320                                      0.001066449521349
7.398797595190380                                      0.001058932287411
7.402805611222440                                      0.001051550685203
7.406813627254510                                      0.001044301288158
7.410821643286570                                      0.001037180785275
7.414829659318640                                      0.001030185976298
7.418837675350700                                      0.001023313767134
7.422845691382770                                      0.001016561165492
7.426853707414830                                      0.001009925276743
7.430861723446890                                      0.001003403299972
7.434869739478960                                      0.000996992524228
7.438877755511020                                      0.000990690324946
7.442885771543090                                      0.000984494160542
7.446893787575150                                      0.000978401569170
7.450901803607210                                      0.000972410165623
7.454909819639280                                      0.000966517638384
7.458917835671340                                      0.000960721746811
7.462925851703410                                      0.000955020318446
7.466933867735470                                      0.000949411246453
7.470941883767540                                      0.000943892487162
7.474949899799600                                      0.000938462057730
7.478957915831660                                      0.000933118033902
7.482965931863730                                      0.000927858547870
7.486973947895790                                      0.000922681786226
7.490981963927860                                      0.000917585988004
7.494989979959920                                      0.000912569442803
7.498997995991980                                      0.000907630488997
7.503006012024051                                      0.000902767512012
7.507014028056110                                      0.000897978942680
7.511022044088180                                      0.000893263255664
7.515030060120240                                      0.000888618967943
7.519038076152310                                      0.000884044637365
7.523046092184370                                      0.000879538861251
7.527054108216429                                      0.000875100275065
7.531062124248500                                      0.000870727551134
7.535070140280560                                      0.000866419397414
7.539078156312630                                      0.000862174556316
7.543086172344690                                      0.000857991803567
7.547094188376750                                      0.000853869947123
7.551102204408820                                      0.000849807826126
7.555110220440880                                      0.000845804309890
7.559118236472950                                      0.000841858296942
7.563126252505010                                      0.000837968714087
7.567134268537070                                      0.000834134515514
7.571142284569140                                      0.000830354681936
7.575150300601200                                      0.000826628219760
7.579158316633270                                      0.000822954160293
7.583166332665330                                      0.000819331558967
7.587174348697400                                      0.000815759494606
7.591182364729460                                      0.000812237068711
7.595190380761520                                      0.000808763404771
7.599198396793590                                      0.000805337647603
7.603206412825650                                      0.000801958962717
7.607214428857721                                      0.000798626535695
7.611222444889780                                      0.000795339571603
7.615230460921840                                      0.000792097294413
7.619238476953909                                      0.000788898946457
7.623246492985970                                      0.000785743787891
7.627254509018040                                      0.000782631096180
7.631262525050099                                      0.000779560165603
7.635270541082170                                      0.000776530306771
7.639278557114230                                      0.000773540846169
7.643286573146290                                      0.000770591125701
7.647294589178360                                      0.000767680502264
7.651302605210420                                      0.000764808347330
7.655310621242490                                      0.000761974046537
7.659318637274550                                      0.000759176999303
7.663326653306610                                      0.000756416618449
7.667334669338680                                      0.000753692329828
7.671342685370740                                      0.000751003571981
7.675350701402810                                      0.000748349795788
7.679358717434870                                      0.000745730464140
7.683366733466930                                      0.000743145051619
7.687374749499000                                      0.000740593044186
7.691382765531060                                      0.000738073938888
7.695390781563130                                      0.000735587243557
7.699398797595190                                      0.000733132476539
7.703406813627251                                      0.000730709166415
7.707414829659320                                      0.000728316851738
7.711422845691380                                      0.000725955080781
7.715430861723450                                      0.000723623411286
7.719438877755510                                      0.000721321410221
7.723446893787570                                      0.000719048653555
7.727454909819640                                      0.000716804726025
7.731462925851700                                      0.000714589220920
7.735470941883770                                      0.000712401739867
7.739478957915830                                      0.000710241892628
7.743486973947900                                      0.000708109296898
7.747494989979960                                      0.000706003578109
7.751503006012020                                      0.000703924369248
7.755511022044090                                      0.000701871310667
7.759519038076150                                      0.000699844049910
7.763527054108220                                      0.000697842241540
7.767535070140280                                      0.000695865546972
7.771543086172340                                      0.000693913634309
7.775551102204410                                      0.000691986178187
7.779559118236470                                      0.000690082859620
7.783567134268540                                      0.000688203365850
7.787575150300600                                      0.000686347390205
7.791583166332670                                      0.000684514631958
7.795591182364731                                      0.000682704796189
7.799599198396790                                      0.000680917593651
7.803607214428860                                      0.000679152740647
7.807615230460921                                      0.000677409958896
7.811623246492990                                      0.000675688975417
7.815631262525050                                      0.000673989522410
7.819639278557110                                      0.000672311337135
7.823647294589180                                      0.000670654161809
7.827655310621240                                      0.000669017743486
7.831663326653310                                      0.000667401833960
7.835671342685370                                      0.000665806189656
7.839679358717430                                      0.000664230571532
7.843687374749500                                      0.000662674744978
7.847695390781560                                      0.000661138479723
7.851703406813630                                      0.000659621549744
7.855711422845690                                      0.000658123733171
7.859719438877760                                      0.000656644812200
7.863727454909820                                      0.000655184573011
7.867735470941880                                      0.000653742805680
7.871743486973950                                      0.000652319304101
7.875751503006010                                      0.000650913865903
7.879759519038080                                      0.000649526292376
7.883767535070140                                      0.000648156388395
7.887775551102200                                      0.000646803962346
7.891783567134270                                      0.000645468826055
7.895791583166330                                      0.000644150794718
7.899799599198401                                      0.000642849686833
7.903807615230460                                      0.000641565324134
7.907815631262530                                      0.000640297531527
7.911823647294590                                      0.000639046137028
7.915831663326650                                      0.000637810971698
7.919839679358720                                      0.000636591869587
7.923847695390780                                      0.000635388667672
7.927855711422850                                      0.000634201205805
7.931863727454910                                      0.000633029326653
7.935871743486970                                      0.000631872875646
7.939879759519040                                      0.000630731700924
7.943887775551100                                      0.000629605653284
7.947895791583170                                      0.000628494586132
7.951903807615230                                      0.000627398355432
7.955911823647290                                      0.000626316819659
7.959919839679360                                      0.000625249839752
7.963927855711420                                      0.000624197279069
7.967935871743490                                      0.000623159003341
7.971943887775550                                      0.000622134880630
7.975951903807620                                      0.000621124781285
7.979959919839680                                      0.000620128577903
7.983967935871740                                      0.000619146145285
7.987975951903810                                      0.000618177360400
7.991983967935870                                      0.000617222102344
7.995991983967940                                      0.000616280252304
8.000000000000000                                      0.000615351693518
