============================================================================================
ANSOFT                                                                              05/14/25
S Parameter Plot 4                                                                  14:29:16

--------------------------------------------------------------------------------------------
       Freq [GHz]   mag(S(LumpPort_LINE3_end,LumpPort_LINE1_end)) []
                                                                    
6.500000000000000                                  0.000022671601274
6.505025125628140                                  0.000023206805410
6.510050251256280                                  0.000023760905399
6.515075376884420                                  0.000024334787573
6.520100502512560                                  0.000024929390533
6.525125628140700                                  0.000025545708887
6.530150753768840                                  0.000026184797295
6.535175879396990                                  0.000026847774861
6.540201005025130                                  0.000027535829907
6.545226130653270                                  0.000028250225160
6.550251256281410                                  0.000028992303401
6.555276381909550                                  0.000029763493618
6.560301507537690                                  0.000030565317720
6.565326633165830                                  0.000031399397865
6.570351758793970                                  0.000032267464472
6.575376884422111                                  0.000033171364994
6.580402010050250                                  0.000034113073524
6.585427135678390                                  0.000035094701338
6.590452261306530                                  0.000036118508472
6.595477386934670                                  0.000037186916460
6.600502512562810                                  0.000038302522358
6.605527638190960                                  0.000039468114207
6.610552763819100                                  0.000040686688117
6.615577889447239                                  0.000041961467151
6.620603015075380                                  0.000043295922242
6.625628140703520                                  0.000044693795401
6.630653266331660                                  0.000046159125485
6.635678391959800                                  0.000047696276883
6.640703517587940                                  0.000049309971482
6.645728643216080                                  0.000051005324361
6.650753768844220                                  0.000052787883706
6.655778894472360                                  0.000054663675544
6.660804020100501                                  0.000056639253963
6.665829145728640                                  0.000058721757592
6.670854271356780                                  0.000060918973278
6.675879396984920                                  0.000063239407999
6.680904522613070                                  0.000065692370263
6.685929648241210                                  0.000068288062475
6.690954773869350                                  0.000071037685959
6.695979899497490                                  0.000073953560688
6.701005025125629                                  0.000077049262118
6.706030150753770                                  0.000080339777980
6.711055276381910                                  0.000083841688438
6.716080402010050                                  0.000087573373683
6.721105527638190                                  0.000091555253858
6.726130653266330                                  0.000095810067217
6.731155778894470                                  0.000100363193649
6.736180904522610                                  0.000105243032255
6.741206030150750                                  0.000110481443581
6.746231155778890                                  0.000116114269518
6.751256281407040                                  0.000122181946890
6.756281407035180                                  0.000128730234635
6.761306532663320                                  0.000135811079313
6.766331658291460                                  0.000143483650003
6.771356783919600                                  0.000151815581699
6.776381909547740                                  0.000160884476867
6.781407035175880                                  0.000170779728552
6.786432160804020                                  0.000181604746649
6.791457286432160                                  0.000193479693070
6.796482412060300                                  0.000206544864018
6.801507537688440                                  0.000220964901558
6.806532663316580                                  0.000236934076820
6.811557788944720                                  0.000254682970471
6.816582914572860                                  0.000274486992615
6.821608040201000                                  0.000296677349496
6.826633165829149                                  0.000321655301620
6.831658291457290                                  0.000349910903931
6.836683417085430                                  0.000382047930989
6.841708542713570                                  0.000418817462531
6.846733668341710                                  0.000461163791453
6.851758793969850                                  0.000510288178560
6.856783919597990                                  0.000567738970479
6.861809045226130                                  0.000635541531880
6.866834170854270                                  0.000716389826115
6.871859296482410                                  0.000813936203626
6.876884422110550                                  0.000933242834404
6.881909547738690                                  0.001081509502725
6.886934673366830                                  0.001269295553977
6.891959798994981                                  0.001512674181535
6.896984924623120                                  0.001837265296682
6.902010050251260                                  0.002286379032617
6.907035175879400                                  0.002939170379529
6.912060301507540                                  0.003956995775270
6.917085427135680                                  0.005727999589735
6.922110552763820                                  0.009496637906312
6.927135678391960                                  0.023102150758990
6.932160804020100                                  0.045615430410567
6.937185929648240                                  0.020310990139543
6.942211055276380                                  0.023673720906296
6.947236180904520                                  0.014494119764778
6.952261306532660                                  0.012223622938974
6.957286432160800                                  0.011914027852996
6.962311557788940                                  0.013122584539067
6.967336683417090                                  0.016960286585738
6.972361809045230                                  0.030862126702446
6.977386934673371                                  0.265758804405415
6.982412060301510                                  0.020695680532922
6.987437185929650                                  0.009784657972988
6.992462311557790                                  0.006059525856307
6.997487437185930                                  0.004224313060515
7.002512562814070                                  0.003152437632382
7.007537688442210                                  0.002460451819062
7.012562814070350                                  0.001982946883959
7.017587939698490                                  0.001637308643976
7.022613065326629                                  0.001377909451384
7.027638190954770                                  0.001177622578584
7.032663316582910                                  0.001019383468550
7.037688442211060                                  0.000891965707817
7.042713567839200                                  0.000787709531173
7.047738693467340                                  0.000701227983545
7.052763819095480                                  0.000628634288794
7.057788944723620                                  0.000567061842249
7.062814070351760                                  0.000514355795497
7.067839195979900                                  0.000468869064855
7.072864321608040                                  0.000429323957302
7.077889447236180                                  0.000394716199064
7.082914572864320                                  0.000364247049246
7.087939698492460                                  0.000337274427390
7.092964824120600                                  0.000313277168398
7.097989949748740                                  0.000291828502045
7.103015075376880                                  0.000272576118962
7.108040201005019                                  0.000255227008282
7.113065326633170                                  0.000239535798431
7.118090452261310                                  0.000225295701306
7.123115577889450                                  0.000212331413061
7.128140703517590                                  0.000200493500732
7.133165829145730                                  0.000189653928154
7.138190954773870                                  0.000179702463266
7.143216080402010                                  0.000170543773067
7.148241206030150                                  0.000162095059208
7.153266331658290                                  0.000154284121822
7.158291457286430                                  0.000147047764865
7.163316582914570                                  0.000140330475583
7.168341708542710                                  0.000134083325364
7.173366834170851                                  0.000128263050428
7.178391959799000                                  0.000122831279371
7.183417085427140                                  0.000117753881285
7.188442211055280                                  0.000113000413346
7.193467336683420                                  0.000108543650844
7.198492462311560                                  0.000104359185850
7.203517587939700                                  0.000100425083265
7.208542713567840                                  0.000096721585040
7.213567839195980                                  0.000093230854987
7.218592964824120                                  0.000089936757918
7.223618090452260                                  0.000086824667927
7.228643216080400                                  0.000083881301488
7.233668341708540                                  0.000081094571752
7.238693467336680                                  0.000078453461021
7.243718592964830                                  0.000075947908842
7.248743718592960                                  0.000073568713564
7.253768844221110                                  0.000071307445546
7.258793969849250                                  0.000069156370449
7.263819095477390                                  0.000067108381299
7.268844221105530                                  0.000065156938193
7.273869346733670                                  0.000063296014673
7.278894472361810                                  0.000061520049938
7.283919597989950                                  0.000059823906185
7.288944723618090                                  0.000058202830444
7.293969849246230                                  0.000056652420386
7.298994974874371                                  0.000055168593630
7.304020100502510                                  0.000053747560150
7.309045226130650                                  0.000052385797417
7.314070351758790                                  0.000051080027992
7.319095477386930                                  0.000049827199269
7.324120603015080                                  0.000048624465162
7.329145728643220                                  0.000047469169504
7.334170854271360                                  0.000046358830992
7.339195979899499                                  0.000045291129504
7.344221105527640                                  0.000044263893657
7.349246231155780                                  0.000043275089472
7.354271356783920                                  0.000042322810036
7.359296482412060                                  0.000041405266060
7.364321608040200                                  0.000040520777254
7.369346733668340                                  0.000039667764427
7.374371859296480                                  0.000038844742249
7.379396984924620                                  0.000038050312616
7.384422110552761                                  0.000037283158551
7.389447236180900                                  0.000036542038602
7.394472361809050                                  0.000035825781690
7.399497487437190                                  0.000035133282355
7.404522613065330                                  0.000034463496381
7.409547738693470                                  0.000033815436754
7.414572864321610                                  0.000033188169930
7.419597989949750                                  0.000032580812388
7.424623115577889                                  0.000031992527433
7.429648241206030                                  0.000031422522242
7.434673366834170                                  0.000030870045120
7.439698492462310                                  0.000030334382962
7.444723618090450                                  0.000029814858889
7.449748743718590                                  0.000029310830053
7.454773869346730                                  0.000028821685604
7.459798994974870                                  0.000028346844785
7.464824120603010                                  0.000027885755166
7.469849246231160                                  0.000027437890999
7.474874371859300                                  0.000027002751680
7.479899497487440                                  0.000026579860314
7.484924623115580                                  0.000026168762377
7.489949748743720                                  0.000025769024464
7.494974874371860                                  0.000025380233121
7.500000000000000                                  0.000025001993744
