10.900000000000000                               -44.338420439118487
10.900801603206414                               -44.307483864797987
10.901603206412826                               -44.276474987765880
10.902404809619238                               -44.245394172179189
10.903206412825652                               -44.214241812950661
10.904008016032064                               -44.183018337195357
10.904809619238478                               -44.151724205741985
10.905611222444890                               -44.120359914723586
10.906412825651302                               -44.088925997243322
10.907214428857715                               -44.057423025125360
10.908016032064129                               -44.025851610752113
10.908817635270541                               -43.994212408995011
10.909619238476953                               -43.962506119241198
10.910420841683367                               -43.930733487526084
10.911222444889781                               -43.898895308771941
10.912024048096193                               -43.866992429145448
10.912825651302605                               -43.835025748534278
10.913627254509018                               -43.802996223154445
10.914428857715432                               -43.770904868294508
10.915230460921844                               -43.738752761204971
10.916032064128256                               -43.706541044141396
10.916833667334670                               -43.674270927569367
10.917635270541082                               -43.641943693544015
10.918436873747495                               -43.609560699272464
10.919238476953907                               -43.577123380870255
10.920040080160319                               -43.544633257325458
10.920841683366733                               -43.512091934682871
10.921643286573147                               -43.479501110461094
10.922444889779559                               -43.446862578318843
10.923246492985971                               -43.414178232985698
10.924048096192385                               -43.381450075474312
10.924849699398798                               -43.348680218592975
10.925651302605210                               -43.315870892777866
10.926452905811622                               -43.283024452266552
10.927254509018036                               -43.250143381634771
10.928056112224450                               -43.217230302722179
10.928857715430862                               -43.184287981974528
10.929659318637274                               -43.151319338225029
10.930460921843688                               -43.118327450955135
10.931262525050100                               -43.085315569058864
10.932064128256513                               -43.052287120153785
10.932865731462925                               -43.019245720471019
10.933667334669337                               -42.986195185370988
10.934468937875751                               -42.953139540528994
10.935270541082165                               -42.920083033838388
10.936072144288579                               -42.887030148086851
10.936873747494989                               -42.853985614461550
10.937675350701403                               -42.820954426948099
10.938476953907816                               -42.787941857688160
10.939278557114228                               -42.754953473376517
10.940080160320640                               -42.721995152769892
10.940881763527054                               -42.689073105401611
10.941683366733468                               -42.656193891598818
10.942484969939880                               -42.623364443900684
10.943286573146292                               -42.590592090000229
10.944088176352706                               -42.557884577329261
10.944889779559118                               -42.525250099426557
10.945691382765531                               -42.492697324239550
10.946492985971945                               -42.460235424523347
10.947294589178355                               -42.427874110519603
10.948096192384769                               -42.395623665114940
10.948897795591183                               -42.363494981696100
10.949699398797597                               -42.331499604948490
10.950501002004007                               -42.299649774858430
10.951302605210421                               -42.267958474219192
10.952104208416834                               -42.236439479968425
10.952905811623246                               -42.205107418709289
10.953707414829658                               -42.173977826828128
10.954509018036072                               -42.143067215643832
10.955310621242486                               -42.112393142090063
10.956112224448898                               -42.081974285478417
10.956913827655310                               -42.051830530957083
10.957715430861724                               -42.021983060356398
10.958517034068135                               -41.992454451182539
10.959318637274549                               -41.963268784626507
10.960120240480963                               -41.934451763551735
10.960921843687375                               -41.906030841549892
10.961723446893787                               -41.878035364284180
10.962525050100201                               -41.850496724508474
10.963326653306614                               -41.823448532318672
10.964128256513025                               -41.796926802407825
10.964929859719438                               -41.770970160332553
10.965731462925852                               -41.745620070076619
10.966533066132266                               -41.720921085514050
10.967334669338676                               -41.696921128744229
10.968136272545090                               -41.673671798711084
10.968937875751504                               -41.651228714008461
10.969739478957916                               -41.629651894375563
10.970541082164329                               -41.609006186067120
10.971342685370741                               -41.589361737104397
10.972144288577153                               -41.570794529364427
10.972945891783567                               -41.553386975610152
10.973747494989981                               -41.537228590906039
10.974549098196393                               -41.522416749480797
10.975350701402805                               -41.509057540020002
10.976152304609219                               -41.497266734692118
10.976953907815632                               -41.487170889997614
10.977755511022043                               -41.478908600915965
10.978557114228456                               -41.472631933933556
10.979358717434870                               -41.468508069571683
10.980160320641284                               -41.466721191187467
10.980961923847696                               -41.467474664452062
10.981763527054108                               -41.470993561348870
10.982565130260522                               -41.477527594317863
10.983366733466934                               -41.487354540967296
10.984168336673347                               -41.500784258445542
10.984969939879759                               -41.518163410295479
10.985771543086171                               -41.539881059014540
10.986573146292585                               -41.566375316698682
10.987374749498999                               -41.598141297094607
10.988176352705411                               -41.635740679121120
10.988977955911823                               -41.679813280214482
10.989779559118237                               -41.731091155765235
10.990581162324650                               -41.790415900022104
10.991382765531062                               -41.858760040996323
10.992184368737474                               -41.937253721831773
10.992985971943888                               -42.027218280927521
10.993787575150302                               -42.130208939102928
10.994589178356714                               -42.248069661709138
10.995390781563126                               -42.383004524705228
10.996192384769540                               -42.537671799459844
10.996993987975952                               -42.715309850583651
10.997795591182365                               -42.919908442627055
10.998597194388777                               -43.156446276511431
10.999398797595189                               -43.431227524117311
11.000200400801603                               -43.752370570554859
11.001002004008017                               -44.130538547597681
11.001803607214429                               -44.580069002482212
11.002605210420841                               -45.120793312992063
11.003406813627254                               -45.781116244850324
11.004208416833668                               -46.603562575145801
11.005010020040080                               -47.655600790451516
11.005811623246492                               -49.053168594097755
11.006613226452906                               -51.020324978857417
11.007414829659320                               -54.082183208809113
11.008216432865732                               -60.066507167796615
11.009018036072144                               -74.995268917322079
11.009819639278557                               -55.997965117059458
11.010621242484969                               -49.628333450554479
11.011422845691383                               -45.311148929234093
11.012224448897795                               -41.817473299832244
11.013026052104207                               -38.713766594780125
11.013827655310621                               -35.773783423221047
11.014629258517035                               -32.835697432151591
11.015430861723448                               -29.739001206644598
11.016232464929859                               -26.263068634873214
11.017034068136272                               -21.994466475685762
11.017835671342686                               -15.819724608249752
11.018637274549098                                -2.463668103861680
11.019438877755510                               -11.387112922358750
11.020240480961924                               -17.259589344455527
11.021042084168338                               -20.307309962916392
11.021843687374750                               -22.260359168593297
11.022645290581162                               -23.639564811899998
11.023446893787575                               -24.669200427204817
11.024248496993987                               -25.465634984541872
11.025050100200401                               -26.096640146839377
11.025851703406815                               -26.604928238568171
11.026653306613225                               -27.019012676602113
11.027454909819639                               -27.358781092940688
11.028256513026053                               -27.638591614305316
11.029058116232466                               -27.869102608486635
11.029859719438877                               -28.058408761721925
11.030661322645290                               -28.212775614066025
11.031462925851704                               -28.337130797956437
11.032264529058116                               -28.435402100324545
11.033066132264528                               -28.510755881961245
11.033867735470942                               -28.565768821169691
11.034669338677356                               -28.602553925610394
11.035470941883768                               -28.622854484549304
11.036272545090180                               -28.628115102561882
11.037074148296593                               -28.619536056727092
11.037875751503005                               -28.598115320280307
11.038677354709419                               -28.564681324879345
11.039478957915833                               -28.519918666608504
11.040280561122245                               -28.464388358541242
11.041082164328657                               -28.398543807169801
11.041883767535071                               -28.322743384408270
11.042685370741484                               -28.237260243736742
11.043486973947894                               -28.142289863243789
11.044288577154308                               -28.037955672668275
11.045090180360722                               -27.924313024031168
11.045891783567134                               -27.801351687529184
11.046693386773546                               -27.668996989727468
11.047494989979960                               -27.527109654870138
11.048296593186373                               -27.375484358422895
11.049098196392785                               -27.213846951240544
11.049899799599199                               -27.041850259734165
11.050701402805611                               -26.859068308499118
11.051503006012023                               -26.664988742909543
11.052304609218437                               -26.459003145074675
11.053106212424851                               -26.240394830423082
11.053907815631263                               -26.008323574854497
11.054709418837675                               -25.761806540794939
11.055511022044088                               -25.499694426035941
11.056312625250502                               -25.220641524615335
11.057114228456912                               -24.923067923664153
11.057915831663326                               -24.605111402499237
11.058717434869740                               -24.264565655210152
11.059519038076154                               -23.898800075426188
11.060320641282566                               -23.504654279962288
11.061122244488978                               -23.078297406818280
11.061923847695391                               -22.615037324323779
11.062725450901803                               -22.109057046870330
11.063527054108217                               -21.553042727628696
11.064328657314629                               -20.937645576194747
11.065130260521041                               -20.250681081115729
11.065931863727455                               -19.475896905822580
11.066733466933869                               -18.591000890433314
11.067535070140281                               -17.564352240660508
11.068336673346693                               -16.349082633189646
11.069138276553106                               -14.871893743726778
11.069939879759520                               -13.009821180986282
11.070741482965930                               -10.537347661373831
11.071543086172344                                -7.004467292887687
11.072344689378758                                -1.862045692166541
11.073146292585172                                -1.512336613502923
11.073947895791584                                -7.279859352528248
11.074749498997996                               -11.520789037875339
11.075551102204409                               -14.636125278841906
11.076352705410821                               -17.115793973052121
11.077154308617235                               -19.206724977112611
11.077955911823647                               -21.044268646852625
11.078757515030059                               -22.710704342246967
11.079559118236473                               -24.260844383170415
11.080360721442887                               -25.734430675957945
11.081162324649299                               -27.162827883200201
11.081963927855710                               -28.573107252989992
11.082765531062124                               -29.990969771767091
11.083567134268538                               -31.443336998379749
11.084368737474950                               -32.961281727224716
11.085170340681362                               -34.584156764411070
11.085971943887776                               -36.366487087949366
11.086773547094189                               -38.391179998498487
11.087575150300601                               -40.798656232886081
11.088376753507013                               -43.863741694502295
11.089178356713427                               -48.264617448778651
11.089979959919839                               -56.785792196730604
11.090781563126253                               -61.330460320961976
11.091583166332665                               -50.234525888600174
11.092384769539077                               -45.626783286478343
11.093186372745491                               -42.689521205816746
11.093987975951904                               -40.528688016401944
11.094789579158318                               -38.813359599950360
11.095591182364728                               -37.384064213711689
11.096392785571142                               -36.151612770309036
11.097194388777556                               -35.061002405082142
11.097995991983968                               -34.075846781171698
11.098797595190380                               -33.170744635080027
11.099599198396794                               -32.327174227363287
11.100400801603207                               -31.531120638255231
11.101202404809619                               -30.771623117278697
11.102004008016031                               -30.039841438720337
11.102805611222445                               -29.328429352681905
11.103607214428857                               -28.631096529001503
11.104408817635271                               -27.942289142332079
11.105210420841683                               -27.256945891949727
11.106012024048095                               -26.570301273583169
11.106813627254509                               -25.877716471908339
11.107615230460922                               -25.174522932949024
11.108416833667336                               -24.455865821394994
11.109218436873746                               -23.716534755224924
11.110020040080160                               -22.950767537068273
11.110821643286574                               -22.152008734656015
11.111623246492986                               -21.312598055781923
11.112424849699398                               -20.423351923707813
11.113226452905812                               -19.472982719777740
11.114028056112225                               -18.447269250317767
11.114829659318637                               -17.327842304730467
11.115631262525049                               -16.090373954302137
11.116432865731463                               -14.701869994858578
11.117234468937875                               -13.116792154140587
11.118036072144289                               -11.272667905337808
11.118837675350703                                -9.092128235438038
11.119639278557113                                -6.535217936773899
11.120440881763527                                -3.926725387588881
11.121242484969940                                -2.838305450895138
11.122044088176354                                -4.441018209337271
11.122845691382764                                -6.966209498751230
11.123647294589178                                -9.262142815744708
11.124448897795592                               -11.178668151188347
11.125250501002004                               -12.779450690645849
11.126052104208416                               -14.138541528826870
11.126853707414829                               -15.312665862774452
11.127655310621243                               -16.342730715014625
11.128456913827655                               -17.258292072903267
11.129258517034069                               -18.081080085362839
11.130060120240481                               -18.827405339863219
11.130861723446893                               -19.509760437647440
11.131663326653307                               -20.137893130310470
11.132464929859720                               -20.719537556856721
11.133266533066132                               -21.260922395949851
11.134068136272544                               -21.767131039894490
11.134869739478958                               -22.242361733004277
11.135671342685372                               -22.690118776303571
11.136472945891782                               -23.113355347283235
11.137274549098196                               -23.514581764499876
11.138076152304610                               -23.895948673205023
11.138877755511023                               -24.259311756277036
11.139679358717434                               -24.606282647066870
11.140480961923847                               -24.938269405329876
11.141282565130261                               -25.256509005498003
11.142084168336673                               -25.562093645181765
11.142885771543087                               -25.855992224287569
11.143687374749499                               -26.139068014722820
11.144488977955911                               -26.412093299092628
11.145290581162325                               -26.675761578138463
11.146092184368738                               -26.930697813292333
11.146893787575150                               -27.177467069957970
11.147695390781562                               -27.416581850522871
11.148496993987976                               -27.648508347166736
11.149298597194390                               -27.873671798933444
11.150100200400800                               -28.092461101958307
11.150901803607214                               -28.305232793726386
11.151703406813628                               -28.512314510121598
11.152505010020041                               -28.714007996380747
11.153306613226453                               -28.910591738908874
11.154108216432865                               -29.102323273544449
11.154909819639279                               -29.289441216588973
11.155711422845691                               -29.472167057411284
11.156513026052105                               -29.650706745261125
11.157314629258517                               -29.825252097840682
11.158116232464929                               -29.995982055016409
11.158917835671343                               -30.163063797526988
11.159719438877756                               -30.326653747690052
11.160521042084168                               -30.486898466640152
11.161322645290580                               -30.643935460606020
11.162124248496994                               -30.797893907015403
11.162925851703408                               -30.948895309749087
11.163727454909820                               -31.097054091642260
11.164529058116232                               -31.242478131260430
11.165330661322646                               -31.385269250097238
11.166132264529059                               -31.525523655554753
11.166933867735471                               -31.663332344405582
11.167735470941883                               -31.798781470882631
11.168537074148297                               -31.931952683020434
11.169338677354709                               -32.062923430464650
11.170140280561123                               -32.191767246598090
11.170941883767535                               -32.318554007484842
11.171743486973947                               -32.443350169882706
11.172545090180360                               -32.566218990302580
11.173346693386774                               -32.687220726891645
11.174148296593186                               -32.806412825723669
11.174949899799598                               -32.923850092912154
11.175751503006012                               -33.039584853812599
11.176553106212426                               -33.153667100456460
11.177354709418838                               -33.266144628239765
11.178156312625250                               -33.377063162787074
11.178957915831663                               -33.486466477822830
11.179759519038077                               -33.594396504800756
11.180561122244489                               -33.700893434969998
11.181362725450901                               -33.805995814493571
11.182164328657315                               -33.909740633177194
11.182965931863727                               -34.012163407308634
11.183767535070141                               -34.113298257082008
11.184569138276553                               -34.213177979005351
11.185370741482965                               -34.311834113695127
11.186172344689378                               -34.409297009390144
11.186973947895792                               -34.505595881506828
11.187775551102206                               -34.600758868536417
11.188577154308616                               -34.694813084533692
11.189378757515030                               -34.787784668458414
11.190180360721444                               -34.879698830580786
11.190981963927856                               -34.970579896163187
11.191783567134268                               -35.060451346608325
11.192585170340681                               -35.149335858242203
11.193386773547095                               -35.237255338896887
11.194188376753507                               -35.324230962439579
11.194989979959919                               -35.410283201385568
11.195791583166333                               -35.495431857719502
11.196593186372745                               -35.579696092039057
11.197394789579159                               -35.663094451136644
11.198196392785572                               -35.745644894110185
11.198997995991983                               -35.827364817100388
11.199799599198396                               -35.908271076740149
11.200601202404810                               -35.988380012391858
11.201402805611224                               -36.067707467252802
11.202204408817634                               -36.146268808390680
11.203006012024048                               -36.224078945778579
11.203807615230462                               -36.301152350386957
11.204609218436874                               -36.377503071384780
11.205410821643286                               -36.453144752508642
11.206212424849699                               -36.528090647642266
11.207014028056113                               -36.602353635652150
11.207815631262525                               -36.675946234524460
11.208617234468937                               -36.748880614838768
11.209418837675351                               -36.821168612620042
11.210220440881763                               -36.892821741595199
11.211022044088176                               -36.963851204897836
11.211823647294590                               -37.034267906239712
11.212625250501002                               -37.104082460585538
11.213426853707414                               -37.173305204357021
11.214228456913828                               -37.241946205181179
11.215030060120242                               -37.310015271223776
11.215831663326652                               -37.377521960112226
11.216633266533066                               -37.444475587480156
11.217434869739479                               -37.510885235150944
11.218236472945893                               -37.576759758972308
11.219038076152303                               -37.642107796327736
11.219839679358717                               -37.706937773337408
11.220641282565131                               -37.771257911759925
11.221442885771543                               -37.835076235617699
11.222244488977957                               -37.898400577552046
11.223046092184369                               -37.961238584924132
11.223847695390781                               -38.023597725675209
11.224649298597194                               -38.085485293953610
11.225450901803608                               -38.146908415524194
11.226252505010020                               -38.207874052964655
11.227054108216432                               -38.268389010667015
11.227855711422846                               -38.328459939642428
11.228657314629260                               -38.388093342147144
11.229458917835670                               -38.447295576133826
11.230260521042084                               -38.506072859537561
11.231062124248497                               -38.564431274401244
11.231863727454911                               -38.622376770850465
11.232665330661323                               -38.679915170923323
11.233466933867735                               -38.737052172260988
11.234268537074149                               -38.793793351666828
11.235070140280561                               -38.850144168536033
11.235871743486975                               -38.906109968165140
11.236673346693387                               -38.961695984947198
11.237474949899799                               -39.016907345450193
11.238276553106212                               -39.071749071393448
11.239078156312626                               -39.126226082519096
11.239879759519038                               -39.180343199365041
11.240681362725450                               -39.234105145945712
11.241482965931864                               -39.287516552341017
11.242284569138278                               -39.340581957196783
11.243086172344688                               -39.393305810145229
11.243887775551102                               -39.445692474145034
11.244689378757515                               -39.497746227740762
11.245490981963929                               -39.549471267253061
11.246292585170341                               -39.600871708896321
11.247094188376753                               -39.651951590825732
11.247895791583167                               -39.702714875124244
11.248697394789579                               -39.753165449721067
11.249498997995993                               -39.803307130251625
11.250300601202404                               -39.853143661860273
11.251102204408816                               -39.902678720945808
11.251903807615230                               -39.951915916851306
11.252705410821644                               -40.000858793506140
11.253507014028056                               -40.049510831012512
11.254308617234468                               -40.097875447188827
11.255110220440882                               -40.145955999062139
11.255911823647295                               -40.193755784318810
11.256713426853707                               -40.241278042710810
11.257515030060119                               -40.288525957419203
11.258316633266533                               -40.335502656380477
11.259118236472947                               -40.382211213569889
11.259919839679359                               -40.428654650251055
11.260721442885771                               -40.474835936187418
11.261523046092185                               -40.520757990819604
11.262324649298597                               -40.566423684407987
11.263126252505010                               -40.611835839145272
11.263927855711422                               -40.656997230233614
11.264729458917834                               -40.701910586936634
11.265531062124248                               -40.746578593596098
11.266332665330662                               -40.791003890626072
11.267134268537076                               -40.835189075474467
11.267935871743486                               -40.879136703563475
11.268737474949900                               -40.922849289199121
11.269539078156313                               -40.966329306458853
11.270340681362725                               -41.009579190056314
11.271142284569137                               -41.052601336178526
11.271943887775551                               -41.095398103306486
11.272745490981965                               -41.137971813008548
11.273547094188377                               -41.180324750716160
11.274348697394789                               -41.222459166479169
11.275150300601203                               -41.264377275698408
11.275951903807615                               -41.306081259842941
11.276753507014028                               -41.347573267146451
11.277555110220440                               -41.388855413286493
11.278356713426852                               -41.429929782046038
11.279158316633266                               -41.470798425958989
11.279959919839680                               -41.511463366937207
11.280761523046094                               -41.551926596885366
11.281563126252504                               -41.592190078296085
11.282364729458918                               -41.632255744834239
11.283166332665331                               -41.672125501903807
11.283967935871743                               -41.711801227201832
11.284769539078155                               -41.751284771259819
11.285571142284569                               -41.790577957969305
11.286372745490983                               -41.829682585097885
11.287174348697395                               -41.868600424789328
11.287975951903807                               -41.907333224055336
11.288777555110221                               -41.945882705252018
11.289579158316633                               -41.984250566547210
11.290380761523046                               -42.022438482376302
11.291182364729460                               -42.060448103886337
11.291983967935872                               -42.098281059371374
11.292785571142284                               -42.135938954695966
11.293587174348698                               -42.173423373710158
11.294388777555112                               -42.210735878653516
11.295190380761522                               -42.247878010551204
11.295991983967935                               -42.284851289600581
11.296793587174349                               -42.321657215547724
11.297595190380763                               -42.358297268057626
11.298396793587173                               -42.394772907073857
11.299198396793587                               -42.431085573171728
11.300000000000001                               -42.467236687902854
