10.900000000000000                                  0.000383886558781
10.900801603206414                                  0.000383587731115
10.901603206412826                                  0.000383280025603
10.902404809619238                                  0.000382963246681
10.903206412825652                                  0.000382637193214
10.904008016032064                                  0.000382301658296
10.904809619238478                                  0.000381956429042
10.905611222444890                                  0.000381601286371
10.906412825651302                                  0.000381236004778
10.907214428857715                                  0.000380860352101
10.908016032064129                                  0.000380474089271
10.908817635270541                                  0.000380076970055
10.909619238476953                                  0.000379668740787
10.910420841683367                                  0.000379249140088
10.911222444889781                                  0.000378817898566
10.912024048096193                                  0.000378374738513
10.912825651302605                                  0.000377919373581
10.913627254509018                                  0.000377451508445
10.914428857715432                                  0.000376970838448
10.915230460921844                                  0.000376477049233
10.916032064128256                                  0.000375969816354
10.916833667334670                                  0.000375448804871
10.917635270541082                                  0.000374913668922
10.918436873747495                                  0.000374364051279
10.919238476953907                                  0.000373799582875
10.920040080160319                                  0.000373219882317
10.920841683366733                                  0.000372624555365
10.921643286573147                                  0.000372013194390
10.922444889779559                                  0.000371385377805
10.923246492985971                                  0.000370740669466
10.924048096192385                                  0.000370078618037
10.924849699398798                                  0.000369398756332
10.925651302605210                                  0.000368700600611
10.926452905811622                                  0.000367983649849
10.927254509018036                                  0.000367247384960
10.928056112224450                                  0.000366491267977
10.928857715430862                                  0.000365714741194
10.929659318637274                                  0.000364917226260
10.930460921843688                                  0.000364098123215
10.931262525050100                                  0.000363256809478
10.932064128256513                                  0.000362392638783
10.932865731462925                                  0.000361504940043
10.933667334669337                                  0.000360593016159
10.934468937875751                                  0.000359656142750
10.935270541082165                                  0.000358693566822
10.936072144288579                                  0.000357704505342
10.936873747494989                                  0.000356688143743
10.937675350701403                                  0.000355643634329
10.938476953907816                                  0.000354570094581
10.939278557114228                                  0.000353466605371
10.940080160320640                                  0.000352332209053
10.940881763527054                                  0.000351165907441
10.941683366733468                                  0.000349966659655
10.942484969939880                                  0.000348733379833
10.943286573146292                                  0.000347464934694
10.944088176352706                                  0.000346160140940
10.944889779559118                                  0.000344817762490
10.945691382765531                                  0.000343436507523
10.946492985971945                                  0.000342015025333
10.947294589178355                                  0.000340551902956
10.948096192384769                                  0.000339045661577
10.948897795591183                                  0.000337494752678
10.949699398797597                                  0.000335897553915
10.950501002004007                                  0.000334252364709
10.951302605210421                                  0.000332557401511
10.952104208416834                                  0.000330810792721
10.952905811623246                                  0.000329010573240
10.953707414829658                                  0.000327154678605
10.954509018036072                                  0.000325240938687
10.955310621242486                                  0.000323267070904
10.956112224448898                                  0.000321230672905
10.956913827655310                                  0.000319129214688
10.957715430861724                                  0.000316960030079
10.958517034068135                                  0.000314720307533
10.959318637274549                                  0.000312407080183
10.960120240480963                                  0.000310017215058
10.960921843687375                                  0.000307547401411
10.961723446893787                                  0.000304994138036
10.962525050100201                                  0.000302353719509
10.963326653306614                                  0.000299622221213
10.964128256513025                                  0.000296795483043
10.964929859719438                                  0.000293869091635
10.965731462925852                                  0.000290838360985
10.966533066132266                                  0.000287698311254
10.967334669338676                                  0.000284443645594
10.968136272545090                                  0.000281068724745
10.968937875751504                                  0.000277567539172
10.969739478957916                                  0.000273933678447
10.970541082164329                                  0.000270160297567
10.971342685370741                                  0.000266240079827
10.972144288577153                                  0.000262165195849
10.972945891783567                                  0.000257927258286
10.973747494989981                                  0.000253517271663
10.974549098196393                                  0.000248925576739
10.975350701402805                                  0.000244141788671
10.976152304609219                                  0.000239154728180
10.976953907815632                                  0.000233952344760
10.977755511022043                                  0.000228521630849
10.978557114228456                                  0.000222848525701
10.979358717434870                                  0.000216917807487
10.980160320641284                                  0.000210712971912
10.980961923847696                                  0.000204216095351
10.981763527054108                                  0.000197407680150
10.982565130260522                                  0.000190266479340
10.983366733466934                                  0.000182769297489
10.984168336673347                                  0.000174890763842
10.984969939879759                                  0.000166603073153
10.985771543086171                                  0.000157875688758
10.986573146292585                                  0.000148675001327
10.987374749498999                                  0.000138963935506
10.988176352705411                                  0.000128701495047
10.988977955911823                                  0.000117842235227
10.989779559118237                                  0.000106335649353
10.990581162324650                                  0.000094125454212
10.991382765531062                                  0.000081148759135
10.992184368737474                                  0.000067335110231
10.992985971943888                                  0.000052605442316
10.993787575150302                                  0.000036871213376
10.994589178356714                                  0.000020036279800
10.995390781563126                                  0.000002190942712
10.996192384769540                                  0.000017517451299
10.996993987975952                                  0.000038436759895
10.997795591182365                                  0.000061050606230
10.998597194388777                                  0.000085553526410
10.999398797595189                                  0.000112180805641
11.000200400801603                                  0.000141209825742
11.001002004008017                                  0.000172968551089
11.001803607214429                                  0.000207847226529
11.002605210420841                                  0.000246313735071
11.003406813627254                                  0.000288933816646
11.004208416833668                                  0.000336397981922
11.005010020040080                                  0.000389557835926
11.005811623246492                                  0.000449475876895
11.006613226452906                                  0.000517494981068
11.007414829659320                                  0.000595337288445
11.008216432865732                                  0.000685248099936
11.009018036072144                                  0.000790210644971
11.009819639278557                                  0.000914276071689
11.010621242484969                                  0.001063087839361
11.011422845691383                                  0.001244748625478
11.012224448897795                                  0.001471322521377
11.013026052104207                                  0.001761590919084
11.013827655310621                                  0.002146479039040
11.014629258517035                                  0.002680750632061
11.015430861723448                                  0.003471416534902
11.016232464929859                                  0.004759346358526
11.017034068136272                                  0.007222160319096
11.017835671342686                                  0.013751995411879
11.018637274549098                                  0.060278919335237
11.019438877755510                                  0.020651815219380
11.020240480961924                                  0.009977277770132
11.021042084168338                                  0.006712034802082
11.021843687374750                                  0.005141226240583
11.022645290581162                                  0.004219745706650
11.023446893787575                                  0.003614895391117
11.024248496993987                                  0.003188039138983
11.025050100200401                                  0.002871169950333
11.025851703406815                                  0.002627028626527
11.026653306613225                                  0.002433497262966
11.027454909819639                                  0.002276620611941
11.028256513026053                                  0.002147160965989
11.029058116232466                                  0.002038761988402
11.029859719438877                                  0.001946908276411
11.030661322645290                                  0.001868305503740
11.031462925851704                                  0.001800495353044
11.032264529058116                                  0.001741607672177
11.033066132264528                                  0.001690196026270
11.033867735470942                                  0.001645125669771
11.034669338677356                                  0.001605495451606
11.035470941883768                                  0.001570582263511
11.036272545090180                                  0.001539800814678
11.037074148296593                                  0.001512674044956
11.037875751503005                                  0.001488811063630
11.038677354709419                                  0.001467890505300
11.039478957915833                                  0.001449647849508
11.040280561122245                                  0.001433865686654
11.041082164328657                                  0.001420366208335
11.041883767535071                                  0.001409005404319
11.042685370741484                                  0.001399668591719
11.043486973947894                                  0.001392267004621
11.044288577154308                                  0.001386735247320
11.045090180360722                                  0.001383029470473
11.045891783567134                                  0.001381126172743
11.046693386773546                                  0.001381021565316
11.047494989979960                                  0.001382731466161
11.048296593186373                                  0.001386291717654
11.049098196392785                                  0.001391759147282
11.049899799599199                                  0.001399213118872
11.050701402805611                                  0.001408757753237
11.051503006012023                                  0.001420524935243
11.052304609218437                                  0.001434678272474
11.053106212424851                                  0.001451418233963
11.053907815631263                                  0.001470988782671
11.054709418837675                                  0.001493685932829
11.055511022044088                                  0.001519868828096
11.056312625250502                                  0.001549974171898
11.057114228456912                                  0.001584535183515
11.057915831663326                                  0.001624206759682
11.058717434869740                                  0.001669799284499
11.059519038076154                                  0.001722324704214
11.060320641282566                                  0.001783060329321
11.061122244488978                                  0.001853638800927
11.061923847695391                                  0.001936177583350
11.062725450901803                                  0.002033469750591
11.063527054108217                                  0.002149272680862
11.064328657314629                                  0.002288758538942
11.065130260521041                                  0.002459242795277
11.065931863727455                                  0.002671412992317
11.066733466933869                                  0.002941507908810
11.067535070140281                                  0.003295424781466
11.068336673346693                                  0.003777066202437
11.069138276553106                                  0.004467002186528
11.069939879759520                                  0.005529710169876
11.070741482965930                                  0.007354521378516
11.071543086172344                                  0.011069981840263
11.072344689378758                                  0.020092427663067
11.073146292585172                                  0.021048234033604
11.073947895791584                                  0.010926489483596
11.074749498997996                                  0.006779732128471
11.075551102204409                                  0.004802846651448
11.076352705410821                                  0.003672835195341
11.077154308617235                                  0.002948222812036
11.077955911823647                                  0.002446952346763
11.078757515030059                                  0.002081322221031
11.079559118236473                                  0.001804120197923
11.080360721442887                                  0.001587752256902
11.081162324649299                                  0.001415041653725
11.081963927855710                                  0.001274751678641
11.082765531062124                                  0.001159231148703
11.083567134268538                                  0.001063096346760
11.084368737474950                                  0.000982454275499
11.085170340681362                                  0.000914424837683
11.085971943887776                                  0.000856836019127
11.086773547094189                                  0.000808023288818
11.087575150300601                                  0.000766693993062
11.088376753507013                                  0.000731833531331
11.089178356713427                                  0.000702639124212
11.089979959919839                                  0.000678472249369
11.090781563126253                                  0.000658823990889
11.091583166332665                                  0.000643289509107
11.092384769539077                                  0.000631549083204
11.093186372745491                                  0.000623353988238
11.093987975951904                                  0.000618516006234
11.094789579158318                                  0.000616899736932
11.095591182364728                                  0.000618417128995
11.096392785571142                                  0.000623023835888
11.097194388777556                                  0.000630717137632
11.097995991983968                                  0.000641535277508
11.098797595190380                                  0.000655558153909
11.099599198396794                                  0.000672909391571
11.100400801603207                                  0.000693759901801
11.101202404809619                                  0.000718333136640
11.102004008016031                                  0.000746912356965
11.102805611222445                                  0.000779850382151
11.103607214428857                                  0.000817582486650
11.104408817635271                                  0.000860643382669
11.105210420841683                                  0.000909689616908
11.106012024048095                                  0.000965529273389
11.106813627254509                                  0.001029161709670
11.107615230460922                                  0.001101831314955
11.108416833667336                                  0.001185101223124
11.109218436873746                                  0.001280955977576
11.110020040080160                                  0.001391947088484
11.110821643286574                                  0.001521403608594
11.111623246492986                                  0.001673743797410
11.112424849699398                                  0.001854948450581
11.113226452905812                                  0.002073301050782
11.114028056112225                                  0.002340584096030
11.114829659318637                                  0.002674086543132
11.115631262525049                                  0.003100116669358
11.116432865731463                                  0.003660436231459
11.117234468937875                                  0.004424588306001
11.118036072144289                                  0.005514196332111
11.118837675350703                                  0.007148152997734
11.119639278557113                                  0.009682188653747
11.120440881763527                                  0.013199373103418
11.121242484969940                                  0.015112091722781
11.122044088176354                                  0.012697267860733
11.122845691382764                                  0.009596704925149
11.123647294589178                                  0.007449522355626
11.124448897795592                                  0.006042541632383
11.125250501002004                                  0.005083902200561
11.126052104208416                                  0.004398905545702
11.126853707414829                                  0.003888779067044
11.127655310621243                                  0.003495799414881
11.128456913827655                                  0.003184611256945
11.129258517034069                                  0.002932563416898
11.130060120240481                                  0.002724555942969
11.130861723446893                                  0.002550171325735
11.131663326653307                                  0.002402006948136
11.132464929859720                                  0.002274666548311
11.133266533066132                                  0.002164128205834
11.134068136272544                                  0.002067335601780
11.134869739478958                                  0.001981926185982
11.135671342685372                                  0.001906045849573
11.136472945891782                                  0.001838219744730
11.137274549098196                                  0.001777260436884
11.138076152304610                                  0.001722201424321
11.138877755511023                                  0.001672248236445
11.139679358717434                                  0.001626741932150
11.140480961923847                                  0.001585131488196
11.141282565130261                                  0.001546952656142
11.142084168336673                                  0.001511811590238
11.142885771543087                                  0.001479372038428
11.143687374749499                                  0.001449345225191
11.144488977955911                                  0.001421481789799
11.145290581162325                                  0.001395565309640
11.146092184368738                                  0.001371407057153
11.146893787575150                                  0.001348841725138
11.147695390781562                                  0.001327723918334
11.148496993987976                                  0.001307925255915
11.149298597194390                                  0.001289331964478
11.150100200400800                                  0.001271842867460
11.150901803607214                                  0.001255367696959
11.151703406813628                                  0.001239825669302
11.152505010020041                                  0.001225144277578
11.153306613226453                                  0.001211258263598
11.154108216432865                                  0.001198108738963
11.154909819639279                                  0.001185642430652
11.155711422845691                                  0.001173811031055
11.156513026052105                                  0.001162570635979
11.157314629258517                                  0.001151881257078
11.158116232464929                                  0.001141706397459
11.158917835671343                                  0.001132012681150
11.159719438877756                                  0.001122769528615
11.160521042084168                                  0.001113948871803
11.161322645290580                                  0.001105524903222
11.162124248496994                                  0.001097473854406
11.162925851703408                                  0.001089773799839
11.163727454909820                                  0.001082404482998
11.164529058116232                                  0.001075347161658
11.165330661322646                                  0.001068584470024
11.166132264529059                                  0.001062100295599
11.166933867735471                                  0.001055879668984
11.167735470941883                                  0.001049908665051
11.168537074148297                                  0.001044174314162
11.169338677354709                                  0.001038664522245
11.170140280561123                                  0.001033367998733
11.170941883767535                                  0.001028274191463
11.171743486973947                                  0.001023373227788
11.172545090180360                                  0.001018655861198
11.173346693386774                                  0.001014113422876
11.174148296593186                                  0.001009737777663
11.174949899799598                                  0.001005521283966
11.175751503006012                                  0.001001456757215
11.176553106212426                                  0.000997537436495
11.177354709418838                                  0.000993756954053
11.178156312625250                                  0.000990109307381
11.178957915831663                                  0.000986588833634
11.179759519038077                                  0.000983190186159
11.180561122244489                                  0.000979908312931
11.181362725450901                                  0.000976738436718
11.182164328657315                                  0.000973676036823
11.182965931863727                                  0.000970716832255
11.183767535070141                                  0.000967856766191
11.184569138276553                                  0.000965091991636
11.185370741482965                                  0.000962418858156
11.186172344689378                                  0.000959833899602
11.186973947895792                                  0.000957333822736
11.187775551102206                                  0.000954915496686
11.188577154308616                                  0.000952575943155
11.189378757515030                                  0.000950312327331
11.190180360721444                                  0.000948121949433
11.190981963927856                                  0.000946002236840
11.191783567134268                                  0.000943950736768
11.192585170340681                                  0.000941965109438
11.193386773547095                                  0.000940043121711
11.194188376753507                                  0.000938182641134
11.194989979959919                                  0.000936381630388
11.195791583166333                                  0.000934638142096
11.196593186372745                                  0.000932950313959
11.197394789579159                                  0.000931316364208
11.198196392785572                                  0.000929734587341
11.198997995991983                                  0.000928203350127
11.199799599198396                                  0.000926721087854
11.200601202404810                                  0.000925286300812
11.201402805611224                                  0.000923897550986
11.202204408817634                                  0.000922553458943
11.203006012024048                                  0.000921252700918
11.203807615230462                                  0.000919994006052
11.204609218436874                                  0.000918776153812
11.205410821643286                                  0.000917597971543
11.206212424849699                                  0.000916458332168
11.207014028056113                                  0.000915356152020
11.207815631262525                                  0.000914290388792
11.208617234468937                                  0.000913260039604
11.209418837675351                                  0.000912264139174
11.210220440881763                                  0.000911301758090
11.211022044088176                                  0.000910372001181
11.211823647294590                                  0.000909474005966
11.212625250501002                                  0.000908606941192
11.213426853707414                                  0.000907770005452
11.214228456913828                                  0.000906962425868
11.215030060120242                                  0.000906183456845
11.215831663326652                                  0.000905432378896
11.216633266533066                                  0.000904708497515
11.217434869739479                                  0.000904011142120
11.218236472945893                                  0.000903339665038
11.219038076152303                                  0.000902693440549
11.219839679358717                                  0.000902071863970
11.220641282565131                                  0.000901474350794
11.221442885771543                                  0.000900900335860
11.222244488977957                                  0.000900349272569
11.223046092184369                                  0.000899820632140
11.223847695390781                                  0.000899313902892
11.224649298597194                                  0.000898828589573
11.225450901803608                                  0.000898364212709
11.226252505010020                                  0.000897920307991
11.227054108216432                                  0.000897496425684
11.227855711422846                                  0.000897092130069
11.228657314629260                                  0.000896706998906
11.229458917835670                                  0.000896340622927
11.230260521042084                                  0.000895992605342
11.231062124248497                                  0.000895662561376
11.231863727454911                                  0.000895350117826
11.232665330661323                                  0.000895054912628
11.233466933867735                                  0.000894776594458
11.234268537074149                                  0.000894514822334
11.235070140280561                                  0.000894269265249
11.235871743486975                                  0.000894039601812
11.236673346693387                                  0.000893825519905
11.237474949899799                                  0.000893626716357
11.238276553106212                                  0.000893442896629
11.239078156312626                                  0.000893273774513
11.239879759519038                                  0.000893119071848
11.240681362725450                                  0.000892978518235
11.241482965931864                                  0.000892851850782
11.242284569138278                                  0.000892738813839
11.243086172344688                                  0.000892639158764
11.243887775551102                                  0.000892552643681
11.244689378757515                                  0.000892479033257
11.245490981963929                                  0.000892418098489
11.246292585170341                                  0.000892369616491
11.247094188376753                                  0.000892333370298
11.247895791583167                                  0.000892309148673
11.248697394789579                                  0.000892296745922
11.249498997995993                                  0.000892295961716
11.250300601202404                                  0.000892306600922
11.251102204408816                                  0.000892328473440
11.251903807615230                                  0.000892361394039
11.252705410821644                                  0.000892405182211
11.253507014028056                                  0.000892459662022
11.254308617234468                                  0.000892524661970
11.255110220440882                                  0.000892600014850
11.255911823647295                                  0.000892685557624
11.256713426853707                                  0.000892781131293
11.257515030060119                                  0.000892886580775
11.258316633266533                                  0.000893001754792
11.259118236472947                                  0.000893126505749
11.259919839679359                                  0.000893260689632
11.260721442885771                                  0.000893404165901
11.261523046092185                                  0.000893556797386
11.262324649298597                                  0.000893718450189
11.263126252505010                                  0.000893888993593
11.263927855711422                                  0.000894068299968
11.264729458917834                                  0.000894256244683
11.265531062124248                                  0.000894452706019
11.266332665330662                                  0.000894657565090
11.267134268537076                                  0.000894870705761
11.267935871743486                                  0.000895092014573
11.268737474949900                                  0.000895321380665
11.269539078156313                                  0.000895558695708
11.270340681362725                                  0.000895803853828
11.271142284569137                                  0.000896056751546
11.271943887775551                                  0.000896317287707
11.272745490981965                                  0.000896585363422
11.273547094188377                                  0.000896860882003
11.274348697394789                                  0.000897143748906
11.275150300601203                                  0.000897433871675
11.275951903807615                                  0.000897731159885
11.276753507014028                                  0.000898035525087
11.277555110220440                                  0.000898346880761
11.278356713426852                                  0.000898665142261
11.279158316633266                                  0.000898990226768
11.279959919839680                                  0.000899322053245
11.280761523046094                                  0.000899660542387
11.281563126252504                                  0.000900005616582
11.282364729458918                                  0.000900357199862
11.283166332665331                                  0.000900715217866
11.283967935871743                                  0.000901079597800
11.284769539078155                                  0.000901450268393
11.285571142284569                                  0.000901827159864
11.286372745490983                                  0.000902210203883
11.287174348697395                                  0.000902599333535
11.287975951903807                                  0.000902994483286
11.288777555110221                                  0.000903395588949
11.289579158316633                                  0.000903802587651
11.290380761523046                                  0.000904215417802
11.291182364729460                                  0.000904634019065
11.291983967935872                                  0.000905058332324
11.292785571142284                                  0.000905488299654
11.293587174348698                                  0.000905923864297
11.294388777555112                                  0.000906364970632
11.295190380761522                                  0.000906811564146
11.295991983967935                                  0.000907263591414
11.296793587174349                                  0.000907721000068
11.297595190380763                                  0.000908183738775
11.298396793587173                                  0.000908651757214
11.299198396793587                                  0.000909125006051
11.300000000000001                                  0.000909603436918
