10.900000000000000                                  0.006068466768481
10.900801603206414                                  0.006090119392590
10.901603206412826                                  0.006111900150662
10.902404809619238                                  0.006133809607059
10.903206412825652                                  0.006155848306818
10.904008016032064                                  0.006178016774221
10.904809619238478                                  0.006200315511301
10.905611222444890                                  0.006222744996245
10.906412825651302                                  0.006245305681721
10.907214428857715                                  0.006267997993106
10.908016032064129                                  0.006290822326614
10.908817635270541                                  0.006313779047318
10.909619238476953                                  0.006336868487066
10.910420841683367                                  0.006360090942268
10.911222444889781                                  0.006383446671568
10.912024048096193                                  0.006406935893375
10.912825651302605                                  0.006430558783262
10.913627254509018                                  0.006454315471207
10.914428857715432                                  0.006478206038679
10.915230460921844                                  0.006502230515560
10.916032064128256                                  0.006526388876886
10.916833667334670                                  0.006550681039393
10.917635270541082                                  0.006575106857876
10.918436873747495                                  0.006599666121320
10.919238476953907                                  0.006624358548816
10.920040080160319                                  0.006649183785230
10.920841683366733                                  0.006674141396619
10.921643286573147                                  0.006699230865370
10.922444889779559                                  0.006724451585057
10.923246492985971                                  0.006749802854986
10.924048096192385                                  0.006775283874407
10.924849699398798                                  0.006800893736387
10.925651302605210                                  0.006826631421297
10.926452905811622                                  0.006852495789915
10.927254509018036                                  0.006878485576095
10.928056112224450                                  0.006904599378992
10.928857715430862                                  0.006930835654794
10.929659318637274                                  0.006957192707948
10.930460921843688                                  0.006983668681833
10.931262525050100                                  0.007010261548839
10.932064128256513                                  0.007036969099823
10.932865731462925                                  0.007063788932884
10.933667334669337                                  0.007090718441423
10.934468937875751                                  0.007117754801426
10.935270541082165                                  0.007144894957920
10.936072144288579                                  0.007172135610539
10.936873747494989                                  0.007199473198140
10.937675350701403                                  0.007226903882391
10.938476953907816                                  0.007254423530269
10.939278557114228                                  0.007282027695365
10.940080160320640                                  0.007309711597928
10.940881763527054                                  0.007337470103537
10.941683366733468                                  0.007365297700308
10.942484969939880                                  0.007393188474504
10.943286573146292                                  0.007421136084450
10.944088176352706                                  0.007449133732591
10.944889779559118                                  0.007477174135565
10.945691382765531                                  0.007505249492124
10.946492985971945                                  0.007533351448730
10.947294589178355                                  0.007561471062633
10.948096192384769                                  0.007589598762225
10.948897795591183                                  0.007617724304439
10.949699398797597                                  0.007645836728952
10.950501002004007                                  0.007673924308906
10.951302605210421                                  0.007701974497858
10.952104208416834                                  0.007729973872619
10.952905811623246                                  0.007757908071641
10.953707414829658                                  0.007785761728517
10.954509018036072                                  0.007813518400201
10.955310621242486                                  0.007841160489421
10.956112224448898                                  0.007868669160785
10.956913827655310                                  0.007896024249966
10.957715430861724                                  0.007923204165329
10.958517034068135                                  0.007950185781266
10.959318637274549                                  0.007976944322441
10.960120240480963                                  0.008003453238054
10.960921843687375                                  0.008029684065130
10.961723446893787                                  0.008055606279727
10.962525050100201                                  0.008081187134840
10.963326653306614                                  0.008106391483616
10.964128256513025                                  0.008131181586342
10.964929859719438                                  0.008155516899487
10.965731462925852                                  0.008179353844867
10.966533066132266                                  0.008202645556743
10.967334669338676                                  0.008225341604429
10.968136272545090                                  0.008247387687626
10.968937875751504                                  0.008268725301388
10.969739478957916                                  0.008289291367174
10.970541082164329                                  0.008309017826003
10.971342685370741                                  0.008327831189152
10.972144288577153                                  0.008345652041241
10.972945891783567                                  0.008362394489792
10.973747494989981                                  0.008377965554527
10.974549098196393                                  0.008392264488673
10.975350701402805                                  0.008405182023403
10.976152304609219                                  0.008416599525197
10.976953907815632                                  0.008426388054337
10.977755511022043                                  0.008434407310899
10.978557114228456                                  0.008440504452429
10.979358717434870                                  0.008444512764896
10.980160320641284                                  0.008446250165457
10.980961923847696                                  0.008445517511932
10.981763527054108                                  0.008442096689491
10.982565130260522                                  0.008435748439863
10.983366733466934                                  0.008426209892048
10.984168336673347                                  0.008413191745901
10.984969939879759                                  0.008396375050744
10.985771543086171                                  0.008375407509855
10.986573146292585                                  0.008349899227949
10.987374749498999                                  0.008319417801759
10.988176352705411                                  0.008283482632916
10.988977955911823                                  0.008241558316261
10.989779559118237                                  0.008193046924234
10.990581162324650                                  0.008137278967156
10.991382765531062                                  0.008073502757601
10.992184368737474                                  0.008000871841522
10.992985971943888                                  0.007918430074799
10.993787575150302                                  0.007825093815745
10.994589178356714                                  0.007719630563640
10.995390781563126                                  0.007600633189562
10.996192384769540                                  0.007466488663334
10.996993987975952                                  0.007315339857537
10.997795591182365                                  0.007145038575725
10.998597194388777                                  0.006953087363051
10.999398797595189                                  0.006736566849283
11.000200400801603                                  0.006492044252117
11.001002004008017                                  0.006215457091180
11.001803607214429                                  0.005901963915125
11.002605210420841                                  0.005545750593450
11.003406813627254                                  0.005139775948244
11.004208416833668                                  0.004675433359598
11.005010020040080                                  0.004142094095381
11.005811623246492                                  0.003526481178666
11.006613226452906                                  0.002811795626296
11.007414829659320                                  0.001976472788859
11.008216432865732                                  0.000992372318884
11.009018036072144                                  0.000177924827782
11.009819639278557                                  0.001585264536107
11.010621242484969                                  0.003300527285895
11.011422845691383                                  0.005425534801220
11.012224448897795                                  0.008111969983950
11.013026052104207                                  0.011596092480593
11.013827655310621                                  0.016267125934437
11.014629258517035                                  0.022814719225189
11.015430861723448                                  0.032587417122758
11.016232464929859                                  0.048623539341361
11.017034068136272                                  0.079483443906049
11.017835671342686                                  0.161813134073076
11.018637274549098                                  0.753037484279295
11.019438877755510                                  0.269553114323568
11.020240480961924                                  0.137094658088502
11.021042084168338                                  0.096523820168699
11.021843687374750                                  0.077087159223874
11.022645290581162                                  0.065769078873364
11.023446893787575                                  0.058417098002166
11.024248496993987                                  0.053298900584705
11.025050100200401                                  0.049564187662584
11.025851703406815                                  0.046746983092283
11.026653306613225                                  0.044570690893643
11.027454909819639                                  0.042860866362884
11.028256513026053                                  0.041502133139175
11.029058116232466                                  0.040415212774429
11.029859719438877                                  0.039543905710757
11.030661322645290                                  0.038847333976111
11.031462925851704                                  0.038295122235565
11.032264529058116                                  0.037864296737667
11.033066132264528                                  0.037537228660519
11.033867735470942                                  0.037300234224422
11.034669338677356                                  0.037142600207604
11.035470941883768                                  0.037055892325743
11.036272545090180                                  0.037033456181282
11.037074148296593                                  0.037070052164504
11.037875751503005                                  0.037161585421609
11.038677354709419                                  0.037304904604486
11.039478957915833                                  0.037497651345390
11.040280561122245                                  0.037738147889402
11.041082164328657                                  0.038025314056632
11.041883767535071                                  0.038358607307374
11.042685370741484                                  0.038737981535576
11.043486973947894                                  0.039163861571138
11.044288577154308                                  0.039637131397618
11.045090180360722                                  0.040159134904163
11.045891783567134                                  0.040731688671575
11.046693386773546                                  0.041357106905072
11.047494989979960                                  0.042038239222902
11.048296593186373                                  0.042778522638234
11.049098196392785                                  0.043582049782004
11.049899799599199                                  0.044453656263775
11.050701402805611                                  0.045399031128570
11.051503006012023                                  0.046424855735906
11.052304609218437                                  0.047538978194946
11.053106212424851                                  0.048750632925250
11.053907815631263                                  0.050070718248236
11.054709418837675                                  0.051512149553704
11.055511022044088                                  0.053090312134116
11.056312625250502                                  0.054823647163867
11.057114228456912                                  0.056734417964511
11.057915831663326                                  0.058849723931368
11.058717434869740                                  0.061202860015087
11.059519038076154                                  0.063835166609807
11.060320641282566                                  0.066798588556866
11.061122244488978                                  0.070159280996081
11.061923847695391                                  0.074002796864603
11.062725450901803                                  0.078441727176830
11.063527054108217                                  0.083627259232535
11.064328657314629                                  0.089767208726632
11.065130260521041                                  0.097155176692215
11.065931863727455                                  0.106219720597802
11.066733466933869                                  0.117611545101134
11.067535070140281                                  0.132367811331026
11.068336673346693                                  0.152245992014658
11.069138276553106                                  0.180470122370269
11.069939879759520                                  0.223619123538793
11.070741482965930                                  0.297257360349649
11.071543086172344                                  0.446453914656188
11.072344689378758                                  0.807044933436729
11.073146292585172                                  0.840200952077210
11.073947895791584                                  0.432520834631864
11.074749498997996                                  0.265436442499531
11.075551102204409                                  0.185435865675744
11.076352705410821                                  0.139383158402810
11.077154308617235                                  0.109562958566464
11.077955911823647                                  0.088672012976379
11.078757515030059                                  0.073192196894961
11.079559118236473                                  0.061229086607397
11.080360721442887                                  0.051674759756085
11.081162324649299                                  0.043838794766033
11.081963927855710                                  0.037268733751951
11.082765531062124                                  0.031655670109912
11.083567134268538                                  0.026781392231880
11.084368737474950                                  0.022487227501527
11.085170340681362                                  0.018654867201757
11.085971943887776                                  0.015194123273030
11.086773547094189                                  0.012034858823026
11.087575150300601                                  0.009121519446460
11.088376753507013                                  0.006409334167722
11.089178356713427                                  0.003861616376258
11.089979959919839                                  0.001447806060218
11.090781563126253                                  0.000857979643677
11.091583166332665                                  0.003078036075386
11.092384769539077                                  0.005231916879832
11.093186372745491                                  0.007337091577131
11.093987975951904                                  0.009409479473205
11.094789579158318                                  0.011463890258670
11.095591182364728                                  0.013514400630508
11.096392785571142                                  0.015574688217760
11.097194388777556                                  0.017658340208207
11.097995991983968                                  0.019779151679979
11.098797595190380                                  0.021951427530615
11.099599198396794                                  0.024190301908391
11.100400801603207                                  0.026512090166027
11.101202404809619                                  0.028934690689469
11.102004008016031                                  0.031478057769033
11.102805611222445                                  0.034164772438922
11.103607214428857                                  0.037020746650922
11.104408817635271                                  0.040076108422637
11.105210420841683                                  0.043366333506320
11.106012024048095                                  0.046933715488647
11.106813627254509                                  0.050829305569157
11.107615230460922                                  0.055115512909995
11.108416833667336                                  0.059869648576976
11.109218436873746                                  0.065188841375576
11.110020040080160                                  0.071196988330963
11.110821643286574                                  0.078054790653560
11.111623246492986                                  0.085974586792500
11.112424849699398                                  0.095242854665437
11.113226452905812                                  0.106255364149979
11.114028056112225                                  0.119573939410843
11.114829659318637                                  0.136021601781420
11.115631262525049                                  0.156848836797131
11.116432865731463                                  0.184037574227072
11.117234468937875                                  0.220882033708724
11.118036072144289                                  0.273128239084270
11.118837675350703                                  0.351069894073387
11.119639278557113                                  0.471236696887818
11.120440881763527                                  0.636302648067363
11.121242484969940                                  0.721248175333631
11.122044088176354                                  0.599720769458453
11.122845691382764                                  0.448424698758121
11.123647294589178                                  0.344264989844911
11.124448897795592                                  0.276100118122052
11.125250501002004                                  0.229629386476460
11.126052104208416                                  0.196368997763912
11.126853707414829                                  0.171540513924094
11.127655310621243                                  0.152357368950072
11.128456913827655                                  0.137115135240434
11.129258517034069                                  0.124722841246657
11.130060120240481                                  0.114453672624063
11.130861723446893                                  0.105806409767359
11.131663326653307                                  0.098424981874480
11.132464929859720                                  0.092049857846892
11.133266533066132                                  0.086487606859380
11.134068136272544                                  0.081591223945337
11.134869739478958                                  0.077247051828119
11.135671342685372                                  0.073365868184072
11.136472945891782                                  0.069876675197772
11.137274549098196                                  0.066722285131430
11.138076152304610                                  0.063856125846387
11.138877755511023                                  0.061239891444708
11.139679358717434                                  0.058841788903950
11.140480961923847                                  0.056635211896871
11.141282565130261                                  0.054597725377245
11.142084168336673                                  0.052710279335243
11.142885771543087                                  0.050956593677744
11.143687374749499                                  0.049322672373671
11.144488977955911                                  0.047796416292149
11.145290581162325                                  0.046367312142296
11.146092184368738                                  0.045026180637589
11.146893787575150                                  0.043764971148662
11.147695390781562                                  0.042576593141183
11.148496993987976                                  0.041454776940721
11.149298597194390                                  0.040393958044160
11.150100200400800                                  0.039389180462356
11.150901803607214                                  0.038436015541180
11.151703406813628                                  0.037530493445695
11.152505010020041                                  0.036669045062195
11.153306613226453                                  0.035848452516314
11.154108216432865                                  0.035065806852668
11.154909819639279                                  0.034318471695454
11.155711422845691                                  0.033604051926563
11.156513026052105                                  0.032920366591078
11.157314629258517                                  0.032265425379094
11.158116232464929                                  0.031637408144797
11.158917835671343                                  0.031034647014753
11.159719438877756                                  0.030455610711179
11.160521042084168                                  0.029898890776623
11.161322645290580                                  0.029363189436186
11.162124248496994                                  0.028847308874411
11.162925851703408                                  0.028350141738030
11.163727454909820                                  0.027870662703973
11.164529058116232                                  0.027407920975689
11.165330661322646                                  0.026961033590566
11.166132264529059                                  0.026529179437851
11.166933867735471                                  0.026111593900540
11.167735470941883                                  0.025707564046446
11.168537074148297                                  0.025316424303852
11.169338677354709                                  0.024937552565617
11.170140280561123                                  0.024570366672922
11.170941883767535                                  0.024214321236162
11.171743486973947                                  0.023868904755752
11.172545090180360                                  0.023533637010333
11.173346693386774                                  0.023208066683774
11.174148296593186                                  0.022891769205834
11.174949899799598                                  0.022584344784327
11.175751503006012                                  0.022285416609235
11.176553106212426                                  0.021994629211449
11.177354709418838                                  0.021711646960782
11.178156312625250                                  0.021436152689640
11.178957915831663                                  0.021167846430222
11.179759519038077                                  0.020906444254447
11.180561122244489                                  0.020651677206963
11.181362725450901                                  0.020403290322615
11.182164328657315                                  0.020161041720655
11.182965931863727                                  0.019924701768788
11.183767535070141                                  0.019694052310793
11.184569138276553                                  0.019468885952195
11.185370741482965                                  0.019249005398877
11.186172344689378                                  0.019034222844156
11.186973947895792                                  0.018824359400187
11.187775551102206                                  0.018619244569983
11.188577154308616                                  0.018418715756724
11.189378757515030                                  0.018222617807275
11.190180360721444                                  0.018030802587181
11.190981963927856                                  0.017843128584610
11.191783567134268                                  0.017659460540964
11.192585170340681                                  0.017479669106090
11.193386773547095                                  0.017303630516183
11.194188376753507                                  0.017131226292655
11.194989979959919                                  0.016962342960388
11.195791583166333                                  0.016796871783928
11.196593186372745                                  0.016634708520296
11.197394789579159                                  0.016475753187200
11.198196392785572                                  0.016319909845539
11.198997995991983                                  0.016167086395174
11.199799599198396                                  0.016017194383034
11.200601202404810                                  0.015870148822685
11.201402805611224                                  0.015725868024573
11.202204408817634                                  0.015584273436211
11.203006012024048                                  0.015445289491624
11.203807615230462                                  0.015308843469442
11.204609218436874                                  0.015174865359056
11.205410821643286                                  0.015043287734311
11.206212424849699                                  0.014914045634236
11.207014028056113                                  0.014787076450368
11.207815631262525                                  0.014662319820231
11.208617234468937                                  0.014539717526596
11.209418837675351                                  0.014419213402140
11.210220440881763                                  0.014300753239191
11.211022044088176                                  0.014184284704217
11.211823647294590                                  0.014069757256789
11.212625250501002                                  0.013957122072745
11.213426853707414                                  0.013846331971283
11.214228456913828                                  0.013737341345781
11.215030060120242                                  0.013630106098087
11.215831663326652                                  0.013524583576110
11.216633266533066                                  0.013420732514498
11.217434869739479                                  0.013318512978223
11.218236472945893                                  0.013217886308935
11.219038076152303                                  0.013118815073889
11.219839679358717                                  0.013021263017332
11.220641282565131                                  0.012925195014195
11.221442885771543                                  0.012830577025973
11.222244488977957                                  0.012737376058663
11.223046092184369                                  0.012645560122660
11.223847695390781                                  0.012555098194489
11.224649298597194                                  0.012465960180299
11.225450901803608                                  0.012378116880995
11.226252505010020                                  0.012291539958953
11.227054108216432                                  0.012206201906204
11.227855711422846                                  0.012122076014040
11.228657314629260                                  0.012039136343948
11.229458917835670                                  0.011957357699814
11.230260521042084                                  0.011876715601328
11.231062124248497                                  0.011797186258534
11.231863727454911                                  0.011718746547463
11.232665330661323                                  0.011641373986798
11.233466933867735                                  0.011565046715521
11.234268537074149                                  0.011489743471488
11.235070140280561                                  0.011415443570900
11.235871743486975                                  0.011342126888610
11.236673346693387                                  0.011269773839236
11.237474949899799                                  0.011198365359044
11.238276553106212                                  0.011127882888557
11.239078156312626                                  0.011058308355858
11.239879759519038                                  0.010989624160562
11.240681362725450                                  0.010921813158413
11.241482965931864                                  0.010854858646492
11.242284569138278                                  0.010788744348992
11.243086172344688                                  0.010723454403555
11.243887775551102                                  0.010658973348115
11.244689378757515                                  0.010595286108266
11.245490981963929                                  0.010532377985090
11.246292585170341                                  0.010470234643454
11.247094188376753                                  0.010408842100737
11.247895791583167                                  0.010348186715984
11.248697394789579                                  0.010288255179455
11.249498997995993                                  0.010229034502559
11.250300601202404                                  0.010170512008156
11.251102204408816                                  0.010112675321209
11.251903807615230                                  0.010055512359775
11.252705410821644                                  0.009999011326314
11.253507014028056                                  0.009943160699314
11.254308617234468                                  0.009887949225204
11.255110220440882                                  0.009833365910559
11.255911823647295                                  0.009779400014570
11.256713426853707                                  0.009726041041782
11.257515030060119                                  0.009673278735079
11.258316633266533                                  0.009621103068909
11.259118236472947                                  0.009569504242744
11.259919839679359                                  0.009518472674756
11.260721442885771                                  0.009467998995712
11.261523046092185                                  0.009418074043070
11.262324649298597                                  0.009368688855272
11.263126252505010                                  0.009319834666230
11.263927855711422                                  0.009271502899987
11.264729458917834                                  0.009223685165556
11.265531062124248                                  0.009176373251933
11.266332665330662                                  0.009129559123259
11.267134268537076                                  0.009083234914151
11.267935871743486                                  0.009037392925172
11.268737474949900                                  0.008992025618453
11.269539078156313                                  0.008947125613450
11.270340681362725                                  0.008902685682832
11.271142284569137                                  0.008858698748507
11.271943887775551                                  0.008815157877763
11.272745490981965                                  0.008772056279529
11.273547094188377                                  0.008729387300760
11.274348697394789                                  0.008687144422921
11.275150300601203                                  0.008645321258592
11.275951903807615                                  0.008603911548159
11.276753507014028                                  0.008562909156622
11.277555110220440                                  0.008522308070486
11.278356713426852                                  0.008482102394756
11.279158316633266                                  0.008442286350009
11.279959919839680                                  0.008402854269565
11.280761523046094                                  0.008363800596731
11.281563126252504                                  0.008325119882134
11.282364729458918                                  0.008286806781124
11.283166332665331                                  0.008248856051261
11.283967935871743                                  0.008211262549865
11.284769539078155                                  0.008174021231645
11.285571142284569                                  0.008137127146389
11.286372745490983                                  0.008100575436726
11.287174348697395                                  0.008064361335944
11.287975951903807                                  0.008028480165875
11.288777555110221                                  0.007992927334838
11.289579158316633                                  0.007957698335640
11.290380761523046                                  0.007922788743628
11.291182364729460                                  0.007888194214802
11.291983967935872                                  0.007853910483973
11.292785571142284                                  0.007819933362978
11.293587174348698                                  0.007786258738936
11.294388777555112                                  0.007752882572560
11.295190380761522                                  0.007719800896504
11.295991983967935                                  0.007687009813768
11.296793587174349                                  0.007654505496131
11.297595190380763                                  0.007622284182638
11.298396793587173                                  0.007590342178118
11.299198396793587                                  0.007558675851746
11.300000000000001                                  0.007527281635644
