10.900000000000000                               -68.315941875882203
10.900801603206414                               -68.322705839940056
10.901603206412826                               -68.329676262785284
10.902404809619238                               -68.336858073091094
10.903206412825652                               -68.344256356722028
10.904008016032064                               -68.351876363070701
10.904809619238478                               -68.359723511704544
10.905611222444890                               -68.367803399339508
10.906412825651302                               -68.376121807160089
10.907214428857715                               -68.384684708505759
10.908016032064129                               -68.393498276945706
10.908817635270541                               -68.402568894764528
10.909619238476953                               -68.411903161884055
10.910420841683367                               -68.421507905247253
10.911222444889781                               -68.431390188692617
10.912024048096193                               -68.441557323349485
10.912825651302605                               -68.452016878586221
10.913627254509018                               -68.462776693546544
10.914428857715432                               -68.473844889310357
10.915230460921844                               -68.485229881720116
10.916032064128256                               -68.496940394914787
10.916833667334670                               -68.508985475617990
10.917635270541082                               -68.521374508229385
10.918436873747495                               -68.534117230773489
10.919238476953907                               -68.547223751762431
10.920040080160319                               -68.560704568035291
10.920841683366733                               -68.574570583640394
10.921643286573147                               -68.588833129832750
10.922444889779559                               -68.603503986264400
10.923246492985971                               -68.618595403452048
10.924048096192385                               -68.634120126612274
10.924849699398798                               -68.650091420963832
10.925651302605210                               -68.666523098602894
10.926452905811622                               -68.683429547067348
10.927254509018036                               -68.700825759715840
10.928056112224450                               -68.718727368057714
10.928857715430862                               -68.737150676182452
10.929659318637274                               -68.756112697449851
10.930460921843688                               -68.775631193617400
10.931262525050100                               -68.795724716595203
10.932064128256513                               -68.816412653039549
10.932865731462925                               -68.837715272012346
10.933667334669337                               -68.859653775957653
10.934468937875751                               -68.882250355267175
10.935270541082165                               -68.905528246737603
10.936072144288579                               -68.929511796246430
10.936873747494989                               -68.954226526009293
10.937675350701403                               -68.979699206816505
10.938476953907816                               -69.005957935686098
10.939278557114228                               -69.033032219417166
10.940080160320640                               -69.060953064575756
10.940881763527054                               -69.089753074503207
10.941683366733468                               -69.119466553998208
10.942484969939880                               -69.150129622396378
10.943286573146292                               -69.181780335848856
10.944088176352706                               -69.214458819692140
10.944889779559118                               -69.248207411901575
10.945691382765531                               -69.283070818735567
10.946492985971945                               -69.319096283806957
10.947294589178355                               -69.356333771963648
10.948096192384769                               -69.394836169528830
10.948897795591183                               -69.434659502638681
10.949699398797597                               -69.475863175634601
10.950501002004007                               -69.518510231713265
10.951302605210421                               -69.562667638321500
10.952104208416834                               -69.608406600108879
10.952905811623246                               -69.655802902628807
10.953707414829658                               -69.704937290409163
10.954509018036072                               -69.755895883516928
10.955310621242486                               -69.808770637322397
10.956112224448898                               -69.863659850846048
10.956913827655310                               -69.920668729860310
10.957715430861724                               -69.979910011842790
10.958517034068135                               -70.041504660960257
10.959318637274549                               -70.105582642542444
10.960120240480963                               -70.172283788008713
10.960921843687375                               -70.241758763000476
10.961723446893787                               -70.314170153597018
10.962525050100201                               -70.389693688029638
10.963326653306614                               -70.468519614353795
10.964128256513025                               -70.550854258198612
10.964929859719438                               -70.636921789141255
10.965731462925852                               -70.726966229625049
10.966533066132266                               -70.821253746904375
10.967334669338676                               -70.920075276531676
10.968136272545090                               -71.023749535820158
10.968937875751504                               -71.132626497986763
10.969739478957916                               -71.247091413007553
10.970541082164329                               -71.367569480410921
10.971342685370741                               -71.494531303492309
10.972144288577153                               -71.628499285266713
10.972945891783567                               -71.770055165962944
10.973747494989981                               -71.919848952848383
10.974549098196393                               -72.078609559533049
10.975350701402805                               -72.247157559075220
10.976152304609219                               -72.426420570805988
10.976953907815632                               -72.617451955702236
10.977755511022043                               -72.821453705003634
10.978557114228456                               -73.039804694599468
10.979358717434870                               -73.274095877549442
10.980160320641284                               -73.526174550621661
10.980961923847696                               -73.798200637102426
10.981763527054108                               -74.092719102053735
10.982565130260522                               -74.412754357234249
10.983366733466934                               -74.761935149178555
10.984168336673347                               -75.144662508949395
10.984969939879759                               -75.566339837548483
10.985771543086171                               -76.033694835084603
10.986573146292585                               -76.555240979063257
10.987374749498999                               -77.141957900356090
10.988176352705411                               -77.808328162661709
10.988977955911823                               -78.573980568093759
10.989779559118237                               -79.466422250139971
10.990581162324650                               -80.525858301031690
10.991382765531062                               -81.814362333757757
10.992184368737474                               -83.435168491636119
10.992985971943888                               -85.579386468370870
10.993787575150302                               -88.666251403711499
10.994589178356714                               -93.963658243092922
10.995390781563126                              -113.187379559593268
10.996192384769540                               -95.130581624822952
10.996993987975952                               -88.305064583952557
10.997795591182365                               -84.286200383463935
10.998597194388777                               -81.355241693556337
10.999398797595189                               -79.001628907436242
11.000200400801603                               -77.002701658151949
11.001002004008017                               -75.240657050723939
11.001803607214429                               -73.645115325132892
11.002605210420841                               -72.170227402740522
11.003406813627254                               -70.784032512133933
11.004208416833668                               -69.462932364665562
11.005010020040080                               -68.188561108547006
11.005811623246492                               -66.945872232669828
11.006613226452906                               -65.721877157234459
11.007414829659320                               -64.504738298609993
11.008216432865732                               -63.283043200074765
11.009018036072144                               -62.045142484211041
11.009819639278557                               -60.778452927609266
11.010621242484969                               -59.468616994130805
11.011422845691383                               -58.098366892495562
11.012224448897795                               -56.645842345567061
11.013026052104207                               -55.081898742672394
11.013827655310621                               -53.365466963383597
11.014629258517035                               -51.434871658848785
11.015430861723448                               -49.189865445061194
11.016232464929859                               -46.449053770706037
11.017034068136272                               -42.826657504763631
11.017835671342686                               -37.232685624320268
11.018637274549098                               -24.396690844119085
11.019438877755510                               -33.700835388516865
11.020240480961924                               -40.019758734732619
11.021042084168338                               -43.462916006897167
11.021843687374750                               -45.778665690117144
11.022645290581162                               -47.494274400321892
11.023446893787575                               -48.838085318525856
11.024248496993987                               -49.929527109758070
11.025050100200401                               -50.838821999547797
11.025851703406815                               -51.610703894299391
11.026653306613225                               -52.275382757708265
11.027454909819639                               -52.854186729536607
11.028256513026053                               -53.362707932697340
11.029058116232466                               -53.812669443801752
11.029859719438877                               -54.213090173369245
11.030661322645290                               -54.571042136635405
11.031462925851704                               -54.892159903515434
11.032264529058116                               -55.180993415941785
11.033066132264528                               -55.441258473521565
11.033867735470942                               -55.676018421105439
11.034669338677356                               -55.887818409178337
11.035470941883768                               -56.078786226336064
11.036272545090180                               -56.250709098608581
11.037074148296593                               -56.405092896610768
11.037875751503005                               -56.543208250855997
11.038677354709419                               -56.666126772834069
11.039478957915833                               -56.774749687572452
11.040280561122245                               -56.869830561608048
11.041082164328657                               -56.951993369313449
11.041883767535071                               -57.021746822535960
11.042685370741484                               -57.079495655374821
11.043486973947894                               -57.125549381955608
11.044288577154308                               -57.160128912685686
11.045090180360722                               -57.183371311374287
11.045891783567134                               -57.195332892973020
11.046693386773546                               -57.195990793025544
11.047494989979960                               -57.185243080214399
11.048296593186373                               -57.162907428587616
11.049098196392785                               -57.128718312565717
11.049899799599199                               -57.082322632239048
11.050701402805611                               -57.023273615135572
11.051503006012023                               -56.951022769361479
11.052304609218437                               -56.864909576575052
11.053106212424851                               -56.764148504792793
11.053907815631263                               -56.647812781243736
11.054709418837675                               -56.514814181307493
11.055511022044088                               -56.363877842316079
11.056312625250502                               -56.193510773313413
11.057114228456912                               -56.001962263122067
11.057915831663326                               -55.787173727592659
11.058717434869740                               -55.546714587506870
11.059519038076154                               -55.277699381051647
11.060320641282566                               -54.976679247003652
11.061122244488978                               -54.639497766794456
11.061923847695391                               -54.261096247041429
11.062725450901803                               -53.835245673438770
11.063527054108217                               -53.354169630786608
11.064328657314629                               -52.808000448268693
11.065130260521041                               -52.183971845367772
11.065931863727455                               -51.465179323665247
11.066733466933869                               -50.628599591813725
11.067535070140281                               -49.641771934865382
11.068336673346693                               -48.456908060393218
11.069138276553106                               -46.999676698954048
11.069939879759520                               -45.145952617747668
11.070741482965930                               -42.668911705318067
11.071543086172344                               -39.117061831169863
11.072344689378758                               -33.939351730960894
11.073146292585172                               -33.535686720208851
11.073947895791584                               -39.230386958246505
11.074749498997996                               -43.375749300904126
11.075551102204409                               -46.370025591780887
11.076352705410821                               -48.699971170963622
11.077154308617235                               -50.608793955057585
11.077955911823647                               -52.227489764901023
11.078757515030059                               -53.633213580941742
11.079559118236473                               -54.874690626836362
11.080360721442887                               -55.984345225257563
11.081162324649299                               -56.984615517751010
11.081963927855710                               -57.891488149295107
11.082765531062124                               -58.716599156534208
11.083567134268538                               -59.468547485262306
11.084368737474950                               -60.153753060485194
11.085170340681362                               -60.777039722203611
11.085971943887776                               -61.342045703949985
11.086773547094189                               -61.851522436505881
11.087575150300601                               -62.307558787313653
11.088376753507013                               -62.711753915617038
11.089178356713427                               -63.065353431430481
11.089979959919839                               -63.369358219999256
11.090781563126253                               -63.624611890078000
11.091583166332665                               -63.831870622056613
11.092384769539077                               -63.991857819477438
11.093186372745491                               -64.105305150964000
11.093987975951904                               -64.172981140445600
11.094789579158318                               -64.195708299090541
11.095591182364728                               -64.174369795606253
11.096392785571142                               -64.109906752316718
11.097194388777556                               -64.003307366877522
11.097995991983968                               -63.855589142577863
11.098797595190380                               -63.667775528710578
11.099599198396794                               -63.440868207050244
11.100400801603207                               -63.175816105724216
11.101202404809619                               -62.873481982825595
11.102004008016031                               -62.534607110132463
11.102805611222445                               -62.159774213851691
11.103607214428857                               -61.749368401744348
11.104408817635271                               -61.303535322193461
11.105210420841683                               -60.822135244961125
11.106012024048095                               -60.304691090644489
11.106813627254509                               -59.750327604861042
11.107615230460922                               -59.157697775595217
11.108416833667336                               -58.524891072962404
11.109218436873746                               -57.849315906659520
11.110020040080160                               -57.127545461406726
11.110821643286574                               -56.355111159668887
11.111623246492986                               -55.526220387863773
11.112424849699398                               -54.633363100376869
11.113226452905812                               -53.666752644079445
11.114028056112225                               -52.613515005402434
11.114829659318637                               -51.456490830063572
11.115631262525049                               -50.172439233605282
11.116432865731463                               -48.729343091970023
11.117234468937875                               -47.082542656385883
11.118036072144289                               -45.170355499336068
11.118837675350703                               -42.916123210175300
11.119639278557113                               -40.280529191012384
11.120440881763527                               -37.588933897385076
11.121242484969940                               -36.413508382591580
11.122044088176354                               -37.925794369316627
11.122845691382764                               -40.357557169361030
11.123647294589178                               -42.557431444271494
11.124448897795592                               -44.375606973468621
11.125250501002004                               -45.876056251917390
11.126052104208416                               -47.133107263852722
11.126853707414829                               -48.203734593924061
11.127655310621243                               -49.129069893231623
11.128456913827655                               -49.938871481755449
11.129258517034069                               -50.655051749219091
11.130060120240481                               -51.294085407074121
11.130861723446893                               -51.868612835856418
11.131663326653307                               -52.388514813493920
11.132464929859720                               -52.861645183148021
11.133266533066132                               -53.294340292411057
11.134068136272544                               -53.691780325506151
11.134869739478958                               -54.058250484580590
11.135671342685372                               -54.397333134004938
11.136472945891782                               -54.712051467060270
11.137274549098196                               -55.004978534340211
11.138076152304610                               -55.278321118559283
11.138877755511023                               -55.533985067651138
11.139679358717434                               -55.773626769571074
11.140480961923847                               -55.998694136059498
11.141282565130261                               -56.210459550073082
11.142084168336673                               -56.410046589640430
11.142885771543087                               -56.598451882900989
11.143687374749499                               -56.776563118212941
11.144488977955911                               -56.945173991235407
11.145290581162325                               -57.104996691891337
11.146092184368738                               -57.256672400392347
11.146893787575150                               -57.400780160484913
11.147695390781562                               -57.537844421186016
11.148496993987976                               -57.668341479123264
11.149298597194390                               -57.792705007786438
11.150100200400800                               -57.911330824227747
11.150901803607214                               -58.024581015583038
11.151703406813628                               -58.132787525510167
11.152505010020041                               -58.236255282863240
11.153306613226453                               -58.335264940654376
11.154108216432865                               -58.430075281864589
11.154909819639279                               -58.520925339313443
11.155711422845691                               -58.608036269191651
11.156513026052105                               -58.691613011616361
11.157314629258517                               -58.771845766413868
11.158116232464929                               -58.848911308096334
11.158917835671343                               -58.922974160435622
11.159719438877756                               -58.994187648108813
11.160521042084168                               -59.062694840395118
11.161322645290580                               -59.128629399828625
11.162124248496994                               -59.192116346955608
11.162925851703408                               -59.253272750846840
11.163727454909820                               -59.312208353759146
11.164529058116232                               -59.369026137247417
11.165330661322646                               -59.423822836116017
11.166132264529059                               -59.476689405795902
11.166933867735471                               -59.527711448054248
11.167735470941883                               -59.576969599357533
11.168537074148297                               -59.624539885691483
11.169338677354709                               -59.670494047205189
11.170140280561123                               -59.714899835660809
11.170941883767535                               -59.757821287331367
11.171743486973947                               -59.799318973701119
11.172545090180360                               -59.839450232062205
11.173346693386774                               -59.878269377877771
11.174148296593186                               -59.915827900585093
11.174949899799598                               -59.952174644334150
11.175751503006012                               -59.987355975005897
11.176553106212426                               -60.021415934717140
11.177354709418838                               -60.054396384898439
11.178156312625250                               -60.086337138923717
11.178957915831663                               -60.117276085174318
11.179759519038077                               -60.147249301337780
11.180561122244489                               -60.176291160661897
11.181362725450901                               -60.204434430821571
11.182164328657315                               -60.231710365990594
11.182965931863727                               -60.258148792659100
11.183767535070141                               -60.283778189689471
11.184569138276553                               -60.308625763054891
11.185370741482965                               -60.332717515672343
11.186172344689378                               -60.356078312699175
11.186973947895792                               -60.378731942635355
11.187775551102206                               -60.400701174542668
11.188577154308616                               -60.422007811664997
11.189378757515030                               -60.442672741712116
11.190180360721444                               -60.462715984046142
11.190981963927856                               -60.482156733990806
11.191783567134268                               -60.501013404466960
11.192585170340681                               -60.519303665139446
11.193386773547095                               -60.537044479247655
11.194188376753507                               -60.554252138277647
11.194989979959919                               -60.570942294622128
11.195791583166333                               -60.587129992363025
11.196593186372745                               -60.602829696299978
11.197394789579159                               -60.618055319342147
11.198196392785572                               -60.632820248367679
11.198997995991983                               -60.647137368651364
11.199799599198396                               -60.661019086950546
11.200601202404810                               -60.674477353335156
11.201402805611224                               -60.687523681840425
11.202204408817634                               -60.700169170015201
11.203006012024048                               -60.712424517434386
11.203807615230462                               -60.724300043238422
11.204609218436874                               -60.735805702758761
11.205410821643286                               -60.746951103284694
11.206212424849699                               -60.757745519022102
11.207014028056113                               -60.768197905291885
11.207815631262525                               -60.778316912013253
11.208617234468937                               -60.788110896512421
11.209418837675351                               -60.797587935696626
11.210220440881763                               -60.806755837628529
11.211022044088176                               -60.815622152536470
11.211823647294590                               -60.824194183290750
11.212625250501002                               -60.832478995376988
11.213426853707414                               -60.840483426393888
11.214228456913828                               -60.848214095101085
11.215030060120242                               -60.855677410042759
11.215831663326652                               -60.862879577768723
11.216633266533066                               -60.869826610675553
11.217434869739479                               -60.876524334487456
11.218236472945893                               -60.882978395396080
11.219038076152303                               -60.889194266877382
11.219839679358717                               -60.895177256202153
11.220641282565131                               -60.900932510655956
11.221442885771543                               -60.906465023483989
11.222244488977957                               -60.911779639574078
11.223046092184369                               -60.916881060891825
11.223847695390781                               -60.921773851679937
11.224649298597194                               -60.926462443433550
11.225450901803608                               -60.930951139663001
11.226252505010020                               -60.935244120454037
11.227054108216432                               -60.939345446835816
11.227855711422846                               -60.943259064965687
11.228657314629260                               -60.946988810139914
11.229458917835670                               -60.950538410638430
11.230260521042084                               -60.953911491411723
11.231062124248497                               -60.957111577617233
11.231863727454911                               -60.960142098012298
11.232665330661323                               -60.963006388210559
11.233466933867735                               -60.965707693807822
11.234268537074149                               -60.968249173383811
11.235070140280561                               -60.970633901385099
11.235871743486975                               -60.972864870894981
11.236673346693387                               -60.974944996295129
11.237474949899799                               -60.976877115824109
11.238276553106212                               -60.978663994037205
11.239078156312626                               -60.980308324172086
11.239879759519038                               -60.981812730424338
11.240681362725450                               -60.983179770136935
11.241482965931864                               -60.984411935907360
11.242284569138278                               -60.985511657615831
11.243086172344688                               -60.986481304378316
11.243887775551102                               -60.987323186427304
11.244689378757515                               -60.988039556923404
11.245490981963929                               -60.988632613701022
11.246292585170341                               -60.989104500950440
11.247094188376753                               -60.989457310839356
11.247895791583167                               -60.989693085076098
11.248697394789579                               -60.989813816417225
11.249498997995993                               -60.989821450121504
11.250300601202404                               -60.989717885352633
11.251102204408816                               -60.989504976532878
11.251903807615230                               -60.989184534649333
11.252705410821644                               -60.988758328514983
11.253507014028056                               -60.988228085986236
11.254308617234468                               -60.987595495138706
11.255110220440882                               -60.986862205402836
11.255911823647295                               -60.986029828661110
11.256713426853707                               -60.985099940308089
11.257515030060119                               -60.984074080275022
11.258316633266533                               -60.982953754020116
11.259118236472947                               -60.981740433486074
11.259919839679359                               -60.980435558025846
11.260721442885771                               -60.979040535298154
11.261523046092185                               -60.977556742133565
11.262324649298597                               -60.975985525372572
11.263126252505010                               -60.974328202676489
11.263927855711422                               -60.972586063312292
11.264729458917834                               -60.970760368912266
11.265531062124248                               -60.968852354209645
11.266332665330662                               -60.966863227750743
11.267134268537076                               -60.964794172584803
11.267935871743486                               -60.962646346932118
11.268737474949900                               -60.960420884831365
11.269539078156313                               -60.958118896766806
11.270340681362725                               -60.955741470276166
11.271142284569137                               -60.953289670539810
11.271943887775551                               -60.950764540951866
11.272745490981965                               -60.948167103674052
11.273547094188377                               -60.945498360172621
11.274348697394789                               -60.942759291739264
11.275150300601203                               -60.939950859996294
11.275951903807615                               -60.937074007386769
11.276753507014028                               -60.934129657650118
11.277555110220440                               -60.931118716283656
11.278356713426852                               -60.928042070990493
11.279158316633266                               -60.924900592114497
11.279959919839680                               -60.921695133062329
11.280761523046094                               -60.918426530713504
11.281563126252504                               -60.915095605818436
11.282364729458918                               -60.911703163385084
11.283166332665331                               -60.908249993054639
11.283967935871743                               -60.904736869466369
11.284769539078155                               -60.901164552612315
11.285571142284569                               -60.897533788181768
11.286372745490983                               -60.893845307896264
11.287174348697395                               -60.890099829835115
11.287975951903807                               -60.886298058751926
11.288777555110221                               -60.882440686382324
11.289579158316633                               -60.878528391743281
11.290380761523046                               -60.874561841424047
11.291182364729460                               -60.870541689869391
11.291983967935872                               -60.866468579654878
11.292785571142284                               -60.862343141754877
11.293587174348698                               -60.858165995803297
11.294388777555112                               -60.853937750347256
11.295190380761522                               -60.849659003094125
11.295991983967935                               -60.845330341151708
11.296793587174349                               -60.840952341262522
11.297595190380763                               -60.836525570031405
11.298396793587173                               -60.832050584147524
11.299198396793587                               -60.827527930600326
11.300000000000001                               -60.822958146890002
