10.900000000000000                                  0.000016283359646
10.900801603206414                                  0.000016090879383
10.901603206412826                                  0.000015892715492
10.902404809619238                                  0.000015688720446
10.903206412825652                                  0.000015478742421
10.904008016032064                                  0.000015262625156
10.904809619238478                                  0.000015040207828
10.905611222444890                                  0.000014811324913
10.906412825651302                                  0.000014575806051
10.907214428857715                                  0.000014333475915
10.908016032064129                                  0.000014084154075
10.908817635270541                                  0.000013827654872
10.909619238476953                                  0.000013563787301
10.910420841683367                                  0.000013292354891
10.911222444889781                                  0.000013013155617
10.912024048096193                                  0.000012725981814
10.912825651302605                                  0.000012430620132
10.913627254509018                                  0.000012126851514
10.914428857715432                                  0.000011814451233
10.915230460921844                                  0.000011493188988
10.916032064128256                                  0.000011162829087
10.916833667334670                                  0.000010823130754
10.917635270541082                                  0.000010473848591
10.918436873747495                                  0.000010114733265
10.919238476953907                                  0.000009745532491
10.920040080160319                                  0.000009365992448
10.920841683366733                                  0.000008975859788
10.921643286573147                                  0.000008574884497
10.922444889779559                                  0.000008162824014
10.923246492985971                                  0.000007739449188
10.924048096192385                                  0.000007304553042
10.924849699398798                                  0.000006857963896
10.925651302605210                                  0.000006399565432
10.926452905811622                                  0.000005929328218
10.927254509018036                                  0.000005447360810
10.928056112224450                                  0.000004953995769
10.928857715430862                                  0.000004449941026
10.929659318637274                                  0.000003936560815
10.930460921843688                                  0.000003416430974
10.931262525050100                                  0.000002894521076
10.932064128256513                                  0.000002380928742
10.932865731462925                                  0.000001897706345
10.933667334669337                                  0.000001495847674
10.934468937875751                                  0.000001282258508
10.935270541082165                                  0.000001375761023
10.936072144288579                                  0.000001749307756
10.936873747494989                                  0.000002286693803
10.937675350701403                                  0.000002913471629
10.938476953907816                                  0.000003596351921
10.939278557114228                                  0.000004320659463
10.940080160320640                                  0.000005079565231
10.940881763527054                                  0.000005869786524
10.941683366733468                                  0.000006689795224
10.942484969939880                                  0.000007539009276
10.943286573146292                                  0.000008417398585
10.944088176352706                                  0.000009325279749
10.944889779559118                                  0.000010263203149
10.945691382765531                                  0.000011231888109
10.946492985971945                                  0.000012232184477
10.947294589178355                                  0.000013265049427
10.948096192384769                                  0.000014331533427
10.948897795591183                                  0.000015432771945
10.949699398797597                                  0.000016569980897
10.950501002004007                                  0.000017744454634
10.951302605210421                                  0.000018957565712
10.952104208416834                                  0.000020210765991
10.952905811623246                                  0.000021505588754
10.953707414829658                                  0.000022843651663
10.954509018036072                                  0.000024226660432
10.955310621242486                                  0.000025656413139
10.956112224448898                                  0.000027134805146
10.956913827655310                                  0.000028663834609
10.957715430861724                                  0.000030245608580
10.958517034068135                                  0.000031882349715
10.959318637274549                                  0.000033576403629
10.960120240480963                                  0.000035330246912
10.960921843687375                                  0.000037146495893
10.961723446893787                                  0.000039027916162
10.962525050100201                                  0.000040977432966
10.963326653306614                                  0.000042998142519
10.964128256513025                                  0.000045093324336
10.964929859719438                                  0.000047266454685
10.965731462925852                                  0.000049521221269
10.966533066132266                                  0.000051861539271
10.967334669338676                                  0.000054291568903
10.968136272545090                                  0.000056815734624
10.968937875751504                                  0.000059438746215
10.969739478957916                                  0.000062165621920
10.970541082164329                                  0.000065001713887
10.971342685370741                                  0.000067952736187
10.972144288577153                                  0.000071024795713
10.972945891783567                                  0.000074224426315
10.973747494989981                                  0.000077558626564
10.974549098196393                                  0.000081034901620
10.975350701402805                                  0.000084661309710
10.976152304609219                                  0.000088446513844
10.976953907815632                                  0.000092399839452
10.977755511022043                                  0.000096531338762
10.978557114228456                                  0.000100851862850
10.979358717434870                                  0.000105373142458
10.980160320641284                                  0.000110107878847
10.980961923847696                                  0.000115069846169
10.981763527054108                                  0.000120274007116
10.982565130260522                                  0.000125736643878
10.983366733466934                                  0.000131475506857
10.984168336673347                                  0.000137509983990
10.984969939879759                                  0.000143861294115
10.985771543086171                                  0.000150552708452
10.986573146292585                                  0.000157609805105
10.987374749498999                                  0.000165060762459
10.988176352705411                                  0.000172936698631
10.988977955911823                                  0.000181272065606
10.989779559118237                                  0.000190105108657
10.990581162324650                                  0.000199478404026
10.991382765531062                                  0.000209439490883
10.992184368737474                                  0.000220041617455
10.992985971943888                                  0.000231344626145
10.993787575150302                                  0.000243416008845
10.994589178356714                                  0.000256332171907
10.995390781563126                                  0.000270179961060
10.996192384769540                                  0.000285058510840
10.996993987975952                                  0.000301081502109
10.997795591182365                                  0.000318379936762
10.998597194388777                                  0.000337105573413
10.999398797595189                                  0.000357435215405
11.000200400801603                                  0.000379576108554
11.001002004008017                                  0.000403772798862
11.001803607214429                                  0.000430315932776
11.002605210420841                                  0.000459553673849
11.003406813627254                                  0.000491906690778
11.004208416833668                                  0.000527888092033
11.005010020040080                                  0.000568130322701
11.005811623246492                                  0.000613422035751
11.006613226452906                                  0.000664759537339
11.007414829659320                                  0.000723420000550
11.008216432865732                                  0.000791068008115
11.009018036072144                                  0.000869914575996
11.009819639278557                                  0.000962961509292
11.010621242484969                                  0.001074389745369
11.011422845691383                                  0.001210201418272
11.012224448897795                                  0.001379332590524
11.013026052104207                                  0.001595694978226
11.013827655310621                                  0.001882197080096
11.014629258517035                                  0.002279412406685
11.015430861723448                                  0.002866643558757
11.016232464929859                                  0.003822464089334
11.017034068136272                                  0.005649572733786
11.017835671342686                                  0.010496004700010
11.018637274549098                                  0.044834545955579
11.019438877755510                                  0.014903543191767
11.020240480961924                                  0.007055224898411
11.021042084168338                                  0.004645269617386
11.021843687374750                                  0.003483253985847
11.022645290581162                                  0.002799950546046
11.023446893787575                                  0.002350140764138
11.024248496993987                                  0.002031560066109
11.025050100200401                                  0.001794014179671
11.025851703406815                                  0.001609988525284
11.026653306613225                                  0.001463140388633
11.027454909819639                                  0.001343150939497
11.028256513026053                                  0.001243183033891
11.029058116232466                                  0.001158525910875
11.029859719438877                                  0.001085827032383
11.030661322645290                                  0.001022634310747
11.031462925851704                                  0.000967111633179
11.032264529058116                                  0.000917855676611
11.033066132264528                                  0.000873774278875
11.033867735470942                                  0.000834003496476
11.034669338677356                                  0.000797849696850
11.035470941883768                                  0.000764748271290
11.036272545090180                                  0.000734233634898
11.037074148296593                                  0.000705917046503
11.037875751503005                                  0.000679469943361
11.038677354709419                                  0.000654611226092
11.039478957915833                                  0.000631097411807
11.040280561122245                                  0.000608714893624
11.041082164328657                                  0.000587273761147
11.041883767535071                                  0.000566602784753
11.042685370741484                                  0.000546545269507
11.043486973947894                                  0.000526955556723
11.044288577154308                                  0.000507696002148
11.045090180360722                                  0.000488634295838
11.045891783567134                                  0.000469641014237
11.046693386773546                                  0.000450587312937
11.047494989979960                                  0.000431342681216
11.048296593186373                                  0.000411772689029
11.049098196392785                                  0.000391736666008
11.049899799599199                                  0.000371085264419
11.050701402805611                                  0.000349657881731
11.051503006012023                                  0.000327279970553
11.052304609218437                                  0.000303760383505
11.053106212424851                                  0.000278889184803
11.053907815631263                                  0.000252437064605
11.054709418837675                                  0.000224159355976
11.055511022044088                                  0.000193813071977
11.056312625250502                                  0.000161213319904
11.057114228456912                                  0.000126426478919
11.057915831663326                                  0.000090554573693
11.058717434869740                                  0.000059789994260
11.059519038076154                                  0.000058728731769
11.060320641282566                                  0.000098789735702
11.061122244488978                                  0.000159161356647
11.061923847695391                                  0.000233134821615
11.062725450901803                                  0.000321126746428
11.063527054108217                                  0.000425854350920
11.064328657314629                                  0.000551713708718
11.065130260521041                                  0.000705181339492
11.065931863727455                                  0.000895845665568
11.066733466933869                                  0.001138354430500
11.067535070140281                                  0.001456138478852
11.068336673346693                                  0.001889020439758
11.069138276553106                                  0.002510297584476
11.069939879759520                                  0.003470215008290
11.070741482965930                                  0.005126798732299
11.071543086172344                                  0.008532266139680
11.072344689378758                                  0.017052443690514
11.073146292585172                                  0.019596028604932
11.073947895791584                                  0.011123721481267
11.074749498997996                                  0.007524317533085
11.075551102204409                                  0.005794257233057
11.076352705410821                                  0.004803719954661
11.077154308617235                                  0.004169650945212
11.077955911823647                                  0.003732938371563
11.078757515030059                                  0.003416614422102
11.079559118236473                                  0.003179136975909
11.080360721442887                                  0.002996186962704
11.081162324649299                                  0.002852613970774
11.081963927855710                                  0.002738506470667
11.082765531062124                                  0.002647121098663
11.083567134268538                                  0.002573721726741
11.084368737474950                                  0.002514894571127
11.085170340681362                                  0.002468126588041
11.085971943887776                                  0.002431536457755
11.086773547094189                                  0.002403697611942
11.087575150300601                                  0.002383518746552
11.088376753507013                                  0.002370161354938
11.089178356713427                                  0.002362981767373
11.089979959919839                                  0.002361489828957
11.090781563126253                                  0.002365319148626
11.091583166332665                                  0.002374205588778
11.092384769539077                                  0.002387971771062
11.093186372745491                                  0.002406516096528
11.093987975951904                                  0.002429805263172
11.094789579158318                                  0.002457869599190
11.095591182364728                                  0.002490800770727
11.096392785571142                                  0.002528751604021
11.097194388777556                                  0.002571937907370
11.097995991983968                                  0.002620642305480
11.098797595190380                                  0.002675220220961
11.099599198396794                                  0.002736108267293
11.100400801603207                                  0.002803835467076
11.101202404809619                                  0.002879037893855
11.102004008016031                                  0.002962477574597
11.102805611222445                                  0.003055066810232
11.103607214428857                                  0.003157899512386
11.104408817635271                                  0.003272291773977
11.105210420841683                                  0.003399834778370
11.106012024048095                                  0.003542464444403
11.106813627254509                                  0.003702554122101
11.107615230460922                                  0.003883039551580
11.108416833667336                                  0.004087589764078
11.109218436873746                                  0.004320844637599
11.110020040080160                                  0.004588751157036
11.110821643286574                                  0.004899049176761
11.111623246492986                                  0.005261989369875
11.112424849699398                                  0.005691421982017
11.113226452905812                                  0.006206496511499
11.114028056112225                                  0.006834403572656
11.114829659318637                                  0.007614964575504
11.115631262525049                                  0.008608637887300
11.116432865731463                                  0.009911118826585
11.117234468937875                                  0.011681129087550
11.118036072144289                                  0.014194564307817
11.118837675350703                                  0.017942479455617
11.119639278557113                                  0.023699823669167
11.120440881763527                                  0.031510366958391
11.121242484969940                                  0.035189164249737
11.122044088176354                                  0.028843286561155
11.122845691382764                                  0.021270637235822
11.123647294589178                                  0.016113526752549
11.124448897795592                                  0.012757665955907
11.125250501002004                                  0.010479213256814
11.126052104208416                                  0.008854228813571
11.126853707414829                                  0.007645258503702
11.127655310621243                                  0.006714277267721
11.128456913827655                                  0.005977043885545
11.129258517034069                                  0.005379723030751
11.130060120240481                                  0.004886493956717
11.130861723446893                                  0.004472679754946
11.131663326653307                                  0.004120765352199
11.132464929859720                                  0.003817994645910
11.133266533066132                                  0.003554867430935
11.134068136272544                                  0.003324168754244
11.134869739478958                                  0.003120324179128
11.135671342685372                                  0.002938960680582
11.136472945891782                                  0.002776600845663
11.137274549098196                                  0.002630445616463
11.138076152304610                                  0.002498217143306
11.138877755511023                                  0.002378043259116
11.139679358717434                                  0.002268371293081
11.140480961923847                                  0.002167902905413
11.141282565130261                                  0.002075544208977
11.142084168336673                                  0.001990367160303
11.142885771543087                                  0.001911579363097
11.143687374749499                                  0.001838500224611
11.144488977955911                                  0.001770541961069
11.145290581162325                                  0.001707194341241
11.146092184368738                                  0.001648012338425
11.146893787575150                                  0.001592606064873
11.147695390781562                                  0.001540632511812
11.148496993987976                                  0.001491788728686
11.149298597194390                                  0.001445806157659
11.150100200400800                                  0.001402445901651
11.150901803607214                                  0.001361494751466
11.151703406813628                                  0.001322761833800
11.152505010020041                                  0.001286075769927
11.153306613226453                                  0.001251282256654
11.154108216432865                                  0.001218241998168
11.154909819639279                                  0.001186828930861
11.155711422845691                                  0.001156928693892
11.156513026052105                                  0.001128437306721
11.157314629258517                                  0.001101260021702
11.158116232464929                                  0.001075310325320
11.158917835671343                                  0.001050509066081
11.159719438877756                                  0.001026783690758
11.160521042084168                                  0.001004067573591
11.161322645290580                                  0.000982299425542
11.162124248496994                                  0.000961422772676
11.162925851703408                                  0.000941385494426
11.163727454909820                                  0.000922139413882
11.164529058116232                                  0.000903639933395
11.165330661322646                                  0.000885845709773
11.166132264529059                                  0.000868718364124
11.166933867735471                                  0.000852222222143
11.167735470941883                                  0.000836324081158
11.168537074148297                                  0.000820993000795
11.169338677354709                                  0.000806200114514
11.170140280561123                                  0.000791918459621
11.170941883767535                                  0.000778122823699
11.171743486973947                                  0.000764789605620
11.172545090180360                                  0.000751896689565
11.173346693386774                                  0.000739423330643
11.174148296593186                                  0.000727350050897
11.174949899799598                                  0.000715658544604
11.175751503006012                                  0.000704331591922
11.176553106212426                                  0.000693352980032
11.177354709418838                                  0.000682707431039
11.178156312625250                                  0.000672380535957
11.178957915831663                                  0.000662358694195
11.179759519038077                                  0.000652629058011
11.180561122244489                                  0.000643179481472
11.181362725450901                                  0.000633998473496
11.182164328657315                                  0.000625075154601
11.182965931863727                                  0.000616399217027
11.183767535070141                                  0.000607960887926
11.184569138276553                                  0.000599750895349
11.185370741482965                                  0.000591760436791
11.186172344689378                                  0.000583981150058
11.186973947895792                                  0.000576405086282
11.187775551102206                                  0.000569024684879
11.188577154308616                                  0.000561832750304
11.189378757515030                                  0.000554822430445
11.190180360721444                                  0.000547987196534
11.190981963927856                                  0.000541320824440
11.191783567134268                                  0.000534817377247
11.192585170340681                                  0.000528471188999
11.193386773547095                                  0.000522276849546
11.194188376753507                                  0.000516229190376
11.194989979959919                                  0.000510323271390
11.195791583166333                                  0.000504554368518
11.196593186372745                                  0.000498917962139
11.197394789579159                                  0.000493409726230
11.198196392785572                                  0.000488025518196
11.198997995991983                                  0.000482761369330
11.199799599198396                                  0.000477613475867
11.200601202404810                                  0.000472578190571
11.201402805611224                                  0.000467652014837
11.202204408817634                                  0.000462831591264
11.203006012024048                                  0.000458113696661
11.203807615230462                                  0.000453495235471
11.204609218436874                                  0.000448973233567
11.205410821643286                                  0.000444544832414
11.206212424849699                                  0.000440207283552
11.207014028056113                                  0.000435957943403
11.207815631262525                                  0.000431794268356
11.208617234468937                                  0.000427713810133
11.209418837675351                                  0.000423714211404
11.210220440881763                                  0.000419793201643
11.211022044088176                                  0.000415948593204
11.211823647294590                                  0.000412178277615
11.212625250501002                                  0.000408480222056
11.213426853707414                                  0.000404852466034
11.214228456913828                                  0.000401293118223
11.215030060120242                                  0.000397800353470
11.215831663326652                                  0.000394372409954
11.216633266533066                                  0.000391007586493
11.217434869739479                                  0.000387704239979
11.218236472945893                                  0.000384460782946
11.219038076152303                                  0.000381275681262
11.219839679358717                                  0.000378147451926
11.220641282565131                                  0.000375074660976
11.221442885771543                                  0.000372055921506
11.222244488977957                                  0.000369089891764
11.223046092184369                                  0.000366175273352
11.223847695390781                                  0.000363310809504
11.224649298597194                                  0.000360495283452
11.225450901803608                                  0.000357727516861
11.226252505010020                                  0.000355006368340
11.227054108216432                                  0.000352330732020
11.227855711422846                                  0.000349699536200
11.228657314629260                                  0.000347111742047
11.229458917835670                                  0.000344566342365
11.230260521042084                                  0.000342062360405
11.231062124248497                                  0.000339598848743
11.231863727454911                                  0.000337174888195
11.232665330661323                                  0.000334789586786
11.233466933867735                                  0.000332442078760
11.234268537074149                                  0.000330131523635
11.235070140280561                                  0.000327857105300
11.235871743486975                                  0.000325618031142
11.236673346693387                                  0.000323413531223
11.237474949899799                                  0.000321242857476
11.238276553106212                                  0.000319105282950
11.239078156312626                                  0.000317000101074
11.239879759519038                                  0.000314926624958
11.240681362725450                                  0.000312884186717
11.241482965931864                                  0.000310872136831
11.242284569138278                                  0.000308889843521
11.243086172344688                                  0.000306936692155
11.243887775551102                                  0.000305012084679
11.244689378757515                                  0.000303115439066
11.245490981963929                                  0.000301246188791
11.246292585170341                                  0.000299403782321
11.247094188376753                                  0.000297587682632
11.247895791583167                                  0.000295797366739
11.248697394789579                                  0.000294032325244
11.249498997995993                                  0.000292292061908
11.250300601202404                                  0.000290576093225
11.251102204408816                                  0.000288883948032
11.251903807615230                                  0.000287215167112
11.252705410821644                                  0.000285569302830
11.253507014028056                                  0.000283945918772
11.254308617234468                                  0.000282344589397
11.255110220440882                                  0.000280764899710
11.255911823647295                                  0.000279206444936
11.256713426853707                                  0.000277668830216
11.257515030060119                                  0.000276151670305
11.258316633266533                                  0.000274654589288
11.259118236472947                                  0.000273177220299
11.259919839679359                                  0.000271719205259
11.260721442885771                                  0.000270280194613
11.261523046092185                                  0.000268859847082
11.262324649298597                                  0.000267457829426
11.263126252505010                                  0.000266073816207
11.263927855711422                                  0.000264707489569
11.264729458917834                                  0.000263358539018
11.265531062124248                                  0.000262026661215
11.266332665330662                                  0.000260711559773
11.267134268537076                                  0.000259412945062
11.267935871743486                                  0.000258130534018
11.268737474949900                                  0.000256864049965
11.269539078156313                                  0.000255613222433
11.270340681362725                                  0.000254377786990
11.271142284569137                                  0.000253157485079
11.271943887775551                                  0.000251952063850
11.272745490981965                                  0.000250761276016
11.273547094188377                                  0.000249584879696
11.274348697394789                                  0.000248422638269
11.275150300601203                                  0.000247274320241
11.275951903807615                                  0.000246139699102
11.276753507014028                                  0.000245018553197
11.277555110220440                                  0.000243910665598
11.278356713426852                                  0.000242815823982
11.279158316633266                                  0.000241733820508
11.279959919839680                                  0.000240664451704
11.280761523046094                                  0.000239607518353
11.281563126252504                                  0.000238562825386
11.282364729458918                                  0.000237530181771
11.283166332665331                                  0.000236509400416
11.283967935871743                                  0.000235500298068
11.284769539078155                                  0.000234502695215
11.285571142284569                                  0.000233516415994
11.286372745490983                                  0.000232541288098
11.287174348697395                                  0.000231577142692
11.287975951903807                                  0.000230623814323
11.288777555110221                                  0.000229681140838
11.289579158316633                                  0.000228748963306
11.290380761523046                                  0.000227827125937
11.291182364729460                                  0.000226915476006
11.291983967935872                                  0.000226013863781
11.292785571142284                                  0.000225122142449
11.293587174348698                                  0.000224240168048
11.294388777555112                                  0.000223367799399
11.295190380761522                                  0.000222504898039
11.295991983967935                                  0.000221651328159
11.296793587174349                                  0.000220806956539
11.297595190380763                                  0.000219971652489
11.298396793587173                                  0.000219145287793
11.299198396793587                                  0.000218327736646
11.300000000000001                                  0.000217518875604
