10.800000000000001                               -43.455907156842954
10.800801603206413                               -43.429495447944468
10.801603206412826                               -43.403009126157670
10.802404809619238                               -43.376447756745407
10.803206412825650                               -43.349810901133232
10.804008016032064                               -43.323098116864472
10.804809619238478                               -43.296308957554324
10.805611222444890                               -43.269442972843024
10.806412825651302                               -43.242499708348426
10.807214428857716                               -43.215478705618288
10.808016032064129                               -43.188379502081382
10.808817635270540                               -43.161201630997866
10.809619238476953                               -43.133944621409185
10.810420841683367                               -43.106607998087021
10.811222444889781                               -43.079191281481712
10.812024048096193                               -43.051693987669381
10.812825651302605                               -43.024115628298993
10.813627254509019                               -42.996455710537546
10.814428857715431                               -42.968713737015904
10.815230460921844                               -42.940889205772180
10.816032064128256                               -42.912981610195764
10.816833667334668                               -42.884990438968927
10.817635270541082                               -42.856915176008997
10.818436873747496                               -42.828755300408659
10.819238476953908                               -42.800510286375854
10.820040080160320                               -42.772179603172134
10.820841683366734                               -42.743762715050771
10.821643286573147                               -42.715259081193594
10.822444889779558                               -42.686668155646508
10.823246492985971                               -42.657989387254254
10.824048096192385                               -42.629222219594482
10.824849699398799                               -42.600366090910200
10.825651302605211                               -42.571420434041300
10.826452905811623                               -42.542384676355269
10.827254509018037                               -42.513258239676176
10.828056112224449                               -42.484040540213513
10.828857715430862                               -42.454730988488620
10.829659318637274                               -42.425328989261153
10.830460921843686                               -42.395833941453006
10.831262525050100                               -42.366245238072572
10.832064128256514                               -42.336562266136355
10.832865731462926                               -42.306784406590161
10.833667334669338                               -42.276911034228291
10.834468937875751                               -42.246941517612271
10.835270541082165                               -42.216875218987298
10.836072144288577                               -42.186711494198150
10.836873747494989                               -42.156449692602855
10.837675350701403                               -42.126089156985451
10.838476953907817                               -42.095629223467206
10.839278557114229                               -42.065069221416358
10.840080160320641                               -42.034408473355917
10.840881763527054                               -42.003646294870272
10.841683366733466                               -41.972781994510484
10.842484969939880                               -41.941814873697048
10.843286573146292                               -41.910744226622036
10.844088176352704                               -41.879569340148436
10.844889779559118                               -41.848289493709061
10.845691382765532                               -41.816903959202349
10.846492985971945                               -41.785412000887391
10.847294589178356                               -41.753812875276466
10.848096192384769                               -41.722105831025814
10.848897795591183                               -41.690290108824854
10.849699398797595                               -41.658364941283139
10.850501002004007                               -41.626329552815100
10.851302605210421                               -41.594183159522970
10.852104208416835                               -41.561924969077793
10.852905811623247                               -41.529554180598069
10.853707414829659                               -41.497069984526064
10.854509018036072                               -41.464471562501984
10.855310621242484                               -41.431758087236226
10.856112224448898                               -41.398928722378884
10.856913827655310                               -41.365982622386788
10.857715430861722                               -41.332918932388381
10.858517034068136                               -41.299736788046189
10.859318637274550                               -41.266435315416381
10.860120240480963                               -41.233013630805750
10.860921843687374                               -41.199470840626738
10.861723446893787                               -41.165806041248338
10.862525050100201                               -41.132018318845823
10.863326653306613                               -41.098106749246341
10.864128256513025                               -41.064070397772525
10.864929859719439                               -41.029908319082161
10.865731462925853                               -40.995619557005782
10.866533066132265                               -40.961203144380669
10.867334669338677                               -40.926658102881461
10.868136272545090                               -40.891983442847817
10.868937875751502                               -40.857178163108713
10.869739478957916                               -40.822241250803415
10.870541082164330                               -40.787171681198345
10.871342685370742                               -40.751968417501480
10.872144288577154                               -40.716630410671392
10.872945891783568                               -40.681156599224828
10.873747494989981                               -40.645545909038120
10.874549098196391                               -40.609797253146581
10.875350701402805                               -40.573909531537907
10.876152304609219                               -40.537881630943872
10.876953907815631                               -40.501712424625396
10.877755511022043                               -40.465400772155171
10.878557114228457                               -40.428945519194237
10.879358717434870                               -40.392345497265588
10.880160320641282                               -40.355599523521811
10.880961923847696                               -40.318706400509008
10.881763527054108                               -40.281664915924829
10.882565130260520                               -40.244473842372116
10.883366733466934                               -40.207131937107654
10.884168336673348                               -40.169637941784842
10.884969939879760                               -40.131990582191676
10.885771543086172                               -40.094188567982641
10.886573146292585                               -40.056230592405754
10.887374749498999                               -40.018115332022724
10.888176352705409                               -39.979841446424111
10.888977955911823                               -39.941407577937305
10.889779559118237                               -39.902812351329814
10.890581162324651                               -39.864054373504153
10.891382765531063                               -39.825132233187951
10.892184368737475                               -39.786044500615773
10.892985971943888                               -39.746789727204970
10.893787575150300                               -39.707366445224032
10.894589178356714                               -39.667773167453731
10.895390781563126                               -39.628008386840435
10.896192384769538                               -39.588070576141753
10.896993987975952                               -39.547958187564767
10.897795591182366                               -39.507669652395542
10.898597194388778                               -39.467203380620333
10.899398797595190                               -39.426557760538124
10.900200400801603                               -39.385731158364855
10.901002004008017                               -39.344721917828068
10.901803607214427                               -39.303528359752185
10.902605210420841                               -39.262148781634153
10.903406813627255                               -39.220581457210109
10.904208416833669                               -39.178824636010418
10.905010020040081                               -39.136876542905469
10.905811623246493                               -39.094735377640447
10.906613226452906                               -39.052399314358503
10.907414829659318                               -39.009866501113571
10.908216432865732                               -38.967135059370783
10.909018036072144                               -38.924203083495158
10.909819639278556                               -38.881068640227646
10.910621242484970                               -38.837729768148982
10.911422845691384                               -38.794184477130315
10.912224448897796                               -38.750430747769784
10.913026052104208                               -38.706466530815845
10.913827655310621                               -38.662289746576270
10.914629258517035                               -38.617898284312446
10.915430861723447                               -38.573290001617892
10.916232464929859                               -38.528462723782425
10.917034068136273                               -38.483414243138526
10.917835671342687                               -38.438142318393190
10.918637274549098                               -38.392644673940957
10.919438877755510                               -38.346918999160508
10.920240480961924                               -38.300962947691957
10.921042084168336                               -38.254774136696938
10.921843687374750                               -38.208350146098006
10.922645290581162                               -38.161688517799377
10.923446893787574                               -38.114786754885593
10.924248496993988                               -38.067642320800836
10.925050100200401                               -38.020252638504907
10.925851703406815                               -37.972615089607693
10.926653306613225                               -37.924727013479625
10.927454909819639                               -37.876585706338027
10.928256513026053                               -37.828188420310049
10.929058116232465                               -37.779532362467954
10.929859719438877                               -37.730614693839371
10.930661322645291                               -37.681432528389472
10.931462925851704                               -37.631982931975671
10.932264529058116                               -37.582262921272033
10.933066132264528                               -37.532269462664672
10.933867735470942                               -37.481999471114278
10.934669338677354                               -37.431449808988894
10.935470941883768                               -37.380617284860598
10.936272545090180                               -37.329498652269784
10.937074148296592                               -37.278090608451635
10.937875751503006                               -37.226389793028318
10.938677354709419                               -37.174392786660178
10.939478957915833                               -37.122096109659196
10.940280561122243                               -37.069496220560403
10.941082164328657                               -37.016589514651066
10.941883767535071                               -36.963372322456223
10.942685370741483                               -36.909840908178225
10.943486973947895                               -36.855991468088966
10.944288577154309                               -36.801820128872933
10.945090180360722                               -36.747322945920622
10.945891783567134                               -36.692495901567646
10.946693386773546                               -36.637334903280141
10.947494989979960                               -36.581835781783226
10.948296593186372                               -36.525994289131262
10.949098196392786                               -36.469806096715679
10.949899799599200                               -36.413266793210688
10.950701402805610                               -36.356371882452905
10.951503006012024                               -36.299116781251605
10.952304609218437                               -36.241496817129551
10.953106212424851                               -36.183507225988961
10.953907815631261                               -36.125143149700634
10.954709418837675                               -36.066399633613713
10.955511022044089                               -36.007271623982554
10.956312625250501                               -35.947753965307257
10.957114228456913                               -35.887841397583863
10.957915831663327                               -35.827528553461370
10.958717434869740                               -35.766809955301881
10.959519038076152                               -35.705680012139226
10.960320641282566                               -35.644133016531107
10.961122244488978                               -35.582163141303155
10.961923847695390                               -35.519764436175706
10.962725450901804                               -35.456930824274473
10.963527054108217                               -35.393656098513205
10.964328657314629                               -35.329933917849175
10.965130260521041                               -35.265757803400540
10.965931863727455                               -35.201121134424490
10.966733466933869                               -35.136017144145967
10.967535070140279                               -35.070438915433051
10.968336673346693                               -35.004379376309579
10.969138276553107                               -34.937831295301358
10.969939879759520                               -34.870787276604716
10.970741482965931                               -34.803239755070983
10.971543086172344                               -34.735180990998401
10.972344689378758                               -34.666603064722679
10.973146292585170                               -34.597497870996101
10.973947895791584                               -34.527857113145146
10.974749498997996                               -34.457672296997387
10.975551102204408                               -34.386934724564412
10.976352705410822                               -34.315635487472179
10.977154308617235                               -34.243765460122326
10.977955911823647                               -34.171315292575663
10.978757515030059                               -34.098275403139155
10.979559118236473                               -34.024635970648347
10.980360721442887                               -33.950386926421587
10.981162324649297                               -33.875517945877000
10.981963927855711                               -33.800018439789149
10.982765531062125                               -33.723877545171590
10.983567134268538                               -33.647084115761587
10.984368737474950                               -33.569626712089288
10.985170340681362                               -33.491493591107186
10.985971943887776                               -33.412672695357472
10.986773547094188                               -33.333151641652620
10.987575150300602                               -33.252917709241743
10.988376753507014                               -33.171957827434632
10.989178356713426                               -33.090258562653524
10.989979959919840                               -33.007806104882533
10.990781563126253                               -32.924586253476235
10.991583166332665                               -32.840584402295498
10.992384769539077                               -32.755785524128434
10.993186372745491                               -32.670174154358577
10.993987975951905                               -32.583734373831149
10.994789579158317                               -32.496449790874273
10.995591182364729                               -32.408303522423182
10.996392785571143                               -32.319278174190984
10.997194388777556                               -32.229355819832314
10.997995991983968                               -32.138517979033459
10.998797595190380                               -32.046745594463495
10.999599198396794                               -31.954019007515587
11.000400801603206                               -31.860317932761355
11.001202404809620                               -31.765621431032898
11.002004008016032                               -31.669907881048474
11.002805611222444                               -31.573154949477967
11.003607214428857                               -31.475339559355771
11.004408817635271                               -31.376437856717139
11.005210420841683                               -31.276425175349381
11.006012024048095                               -31.175275999518348
11.006813627254509                               -31.072963924537149
11.007615230460923                               -30.969461615019007
11.008416833667335                               -30.864740760656368
11.009218436873747                               -30.758772029339944
11.010020040080160                               -30.651525017430274
11.010821643286574                               -30.542968196971117
11.011623246492986                               -30.433068859610287
11.012424849699398                               -30.321793056989396
11.013226452905812                               -30.209105537319555
11.014028056112224                               -30.094969677860011
11.014829659318638                               -29.979347412965751
11.015631262525050                               -29.862199157362625
11.016432865731462                               -29.743483724254482
11.017234468937875                               -29.623158237849545
11.018036072144289                               -29.501178039833341
11.018837675350703                               -29.377496589291127
11.019639278557113                               -29.252065355510403
11.020440881763527                               -29.124833703054161
11.021242484969941                               -28.995748768427472
11.022044088176353                               -28.864755327587694
11.022845691382765                               -28.731795653470872
11.023647294589178                               -28.596809362618536
11.024448897795592                               -28.459733249895272
11.025250501002004                               -28.320501110165228
11.026052104208416                               -28.179043545679029
11.026853707414830                               -28.035287757773130
11.027655310621242                               -27.889157321330885
11.028456913827656                               -27.740571940265767
11.029258517034069                               -27.589447182075212
11.030060120240480                               -27.435694189292924
11.030861723446893                               -27.279219365379245
11.031663326653307                               -27.119924032294016
11.032464929859721                               -26.957704056641031
11.033266533066131                               -26.792449440857244
11.034068136272545                               -26.624043875465592
11.034869739478959                               -26.452364247867518
11.035671342685371                               -26.277280102520852
11.036472945891783                               -26.098653046628883
11.037274549098196                               -25.916336094623610
11.038076152304610                               -25.730172943746410
11.038877755511022                               -25.539997171867739
11.039679358717434                               -25.345631347346647
11.040480961923848                               -25.146886039132212
11.041282565130260                               -24.943558713433603
11.042084168336673                               -24.735432501056785
11.042885771543087                               -24.522274816838681
11.043687374749499                               -24.303835809461205
11.044488977955911                               -24.079846616104760
11.045290581162325                               -23.850017391853129
11.046092184368739                               -23.614035078187751
11.046893787575149                               -23.371560868231377
11.047695390781563                               -23.122227318174392
11.048496993987976                               -22.865635044276054
11.049298597194390                               -22.601348932450168
11.050100200400800                               -22.328893772085774
11.050901803607214                               -22.047749206654068
11.051703406813628                               -21.757343869718454
11.052505010020040                               -21.457048544761083
11.053306613226454                               -21.146168148973715
11.054108216432866                               -20.823932292281611
11.054909819639278                               -20.489484100018302
11.055711422845691                               -20.141866906277336
11.056513026052105                               -19.780008318750141
11.057314629258517                               -19.402701016196978
11.058116232464929                               -19.008579454509061
11.058917835671343                               -18.596091409798412
11.059719438877757                               -18.163462953266638
11.060521042084167                               -17.708654999165699
11.061322645290581                               -17.229308945992553
11.062124248496994                               -16.722678074313681
11.062925851703408                               -16.185540176537121
11.063727454909820                               -15.614085243396969
11.064529058116232                               -15.003769747748247
11.065330661322646                               -14.349125955258424
11.066132264529058                               -13.643510625859289
11.066933867735472                               -12.878772694516998
11.067735470941884                               -12.044815623342695
11.068537074148296                               -11.129033014711336
11.069338677354709                               -10.115625263012467
11.070140280561123                                -8.984923033127107
11.070941883767535                                -7.713252652204283
11.071743486973947                                -6.275247745254075
11.072545090180361                                -4.655040089815945
11.073346693386775                                -2.886794802802939
11.074148296593185                                -1.174653754699809
11.074949899799599                                -0.088129626929829
11.075751503006012                                -0.307498666165689
11.076553106212426                                -1.669928177838554
11.077354709418838                                -3.437621383948542
11.078156312625250                                -5.167673595447367
11.078957915831664                                -6.728810240545224
11.079759519038076                                -8.110171991140188
11.080561122244490                                -9.332875913844701
11.081362725450902                               -10.422330393795189
11.082164328657313                               -11.401035517378812
11.082965931863727                               -12.287401892594442
11.083767535070141                               -13.096161037197581
11.084569138276553                               -13.839072443911554
11.085370741482965                               -14.525575008663917
11.086172344689379                               -15.163310675709983
11.086973947895792                               -15.758526735896552
11.087775551102204                               -16.316380543690865
11.088577154308616                               -16.841170060648547
11.089378757515030                               -17.336509130353285
11.090180360721444                               -17.805461759060382
11.090981963927856                               -18.250645908179294
11.091783567134268                               -18.674314469984164
11.092585170340682                               -19.078419030797715
11.093386773547094                               -19.464660535149683
11.094188376753507                               -19.834529891493048
11.094989979959919                               -20.189340785031874
11.095791583166331                               -20.530256400379606
11.096593186372745                               -20.858311344722559
11.097394789579159                               -21.174429758379432
11.098196392785573                               -21.479440373560749
11.098997995991983                               -21.774089112637807
11.099799599198397                               -22.059049689050354
11.100601202404810                               -22.334932576241439
11.101402805611222                               -22.602292634985698
11.102204408817634                               -22.861635631339912
11.103006012024048                               -23.113423832223347
11.103807615230462                               -23.358080830041622
11.104609218436874                               -23.595995719755130
11.105410821643286                               -23.827526729426879
11.106212424849700                               -24.053004387495722
11.107014028056112                               -24.272734295618349
11.107815631262525                               -24.486999564371207
11.108617234468937                               -24.696062959623998
11.109418837675349                               -24.900168799740328
11.110220440881763                               -25.099544637388664
11.111022044088177                               -25.294402754578755
11.111823647294591                               -25.484941495177491
11.112625250501001                               -25.671346455606230
11.113426853707415                               -25.853791551395030
11.114228456913828                               -26.032439974766355
11.115030060120240                               -26.207445056306749
11.115831663326652                               -26.378951042004068
11.116633266533066                               -26.547093795406251
11.117434869739480                               -26.712001433372876
11.118236472945892                               -26.873794902810133
11.119038076152304                               -27.032588504817987
11.119839679358718                               -27.188490371901008
11.120641282565130                               -27.341602903175325
11.121442885771543                               -27.492023161935748
11.122244488977957                               -27.639843239405089
11.123046092184369                               -27.785150588062141
11.123847695390781                               -27.928028327542940
11.124649298597195                               -28.068555525772577
11.125450901803609                               -28.206807457695760
11.126252505010019                               -28.342855843711028
11.127054108216432                               -28.476769069686490
11.127855711422846                               -28.608612390233340
11.128657314629258                               -28.738448116744330
11.129458917835670                               -28.866335791544977
11.130260521042084                               -28.992332349368482
11.131062124248498                               -29.116492267241775
11.131863727454910                               -29.238867703768491
11.132665330661323                               -29.359508628695504
11.133466933867735                               -29.478462943561816
11.134268537074147                               -29.595776594157876
11.135070140280561                               -29.711493675451134
11.135871743486975                               -29.825656529574751
11.136673346693387                               -29.938305837424334
11.137474949899799                               -30.049480704354018
11.138276553106213                               -30.159218740421853
11.139078156312626                               -30.267556135594830
11.139879759519037                               -30.374527730290389
11.140681362725450                               -30.480167081594868
11.141482965931864                               -30.584506525472900
11.142284569138278                               -30.687577235255048
11.143086172344688                               -30.789409276669495
11.143887775551102                               -30.890031659657772
11.144689378757516                               -30.989472387197573
11.145490981963928                               -31.087758501337266
11.146292585170341                               -31.184916126632807
11.147094188376753                               -31.280970511159008
11.147895791583165                               -31.375946065256016
11.148697394789579                               -31.469866398159034
11.149498997995993                               -31.562754352650678
11.150300601202405                               -31.654632037858836
11.151102204408817                               -31.745520860323580
11.151903807615231                               -31.835441553432247
11.152705410821644                               -31.924414205335310
11.153507014028055                               -32.012458285427606
11.154308617234468                               -32.099592669487940
11.155110220440882                               -32.185835663553902
11.155911823647296                               -32.271205026608470
11.156713426853708                               -32.355717992151625
11.157515030060120                               -32.439391288717857
11.158316633266534                               -32.522241159403066
11.159118236472946                               -32.604283380455897
11.159919839679359                               -32.685533278990320
11.160721442885771                               -32.766005749864888
11.161523046092183                               -32.845715271777308
11.162324649298597                               -32.924675922615990
11.163126252505011                               -33.002901394112889
11.163927855711423                               -33.080405005831643
11.164729458917835                               -33.157199718528069
11.165531062124249                               -33.233298146917399
11.166332665330662                               -33.308712571878580
11.167134268537074                               -33.383454952125646
11.167935871743486                               -33.457536935374108
11.168737474949900                               -33.530969869027174
11.169539078156314                               -33.603764810406595
11.170340681362726                               -33.675932536553155
11.171142284569138                               -33.747483553616540
11.171943887775551                               -33.818428105854778
11.172745490981963                               -33.888776184262717
11.173547094188377                               -33.958537534849711
11.174348697394789                               -34.027721666581485
11.175150300601201                               -34.096337859002389
11.175951903807615                               -34.164395169553345
11.176753507014029                               -34.231902440601857
11.177555110220441                               -34.298868306195864
11.178356713426853                               -34.365301198553489
11.179158316633266                               -34.431209354303135
11.179959919839680                               -34.496600820483785
11.180761523046092                               -34.561483460318399
11.181563126252504                               -34.625864958766513
11.182364729458918                               -34.689752827872283
11.183166332665332                               -34.753154411910174
11.183967935871744                               -34.816076892343780
11.184769539078156                               -34.878527292600012
11.185571142284569                               -34.940512482672098
11.186372745490981                               -35.002039183554139
11.187174348697395                               -35.063113971518092
11.187975951903807                               -35.123743282238415
11.188777555110219                               -35.183933414769783
11.189579158316633                               -35.243690535385703
11.190380761523047                               -35.303020681283719
11.191182364729460                               -35.361929764162127
11.191983967935871                               -35.420423573672963
11.192785571142284                               -35.478507780758328
11.193587174348698                               -35.536187940871990
11.194388777555110                               -35.593469497094212
11.195190380761522                               -35.650357783140336
11.195991983967936                               -35.706858026271682
11.196793587174350                               -35.762975350107666
11.197595190380762                               -35.818714777348418
11.198396793587174                               -35.874081232405686
11.199198396793587                               -35.929079543951651
11.199999999999999                               -35.983714447382752
