10.800000000000001                               -43.556003778158036
10.801000000000000                               -43.523220115440324
10.802000000000000                               -43.490321441289261
10.803000000000001                               -43.457306922875503
10.804000000000000                               -43.424175718227630
10.805000000000000                               -43.390926976097532
10.805999999999999                               -43.357559835824034
10.807000000000000                               -43.324073427193241
10.808000000000000                               -43.290466870296910
10.808999999999999                               -43.256739275387723
10.810000000000000                               -43.222889742732313
10.811000000000000                               -43.188917362461140
10.811999999999999                               -43.154821214415449
10.813000000000001                               -43.120600367992132
10.814000000000000                               -43.086253881984398
10.815000000000000                               -43.051780804420630
10.816000000000001                               -43.017180172399271
10.817000000000000                               -42.982451011921086
10.818000000000000                               -42.947592337717765
10.819000000000001                               -42.912603153077683
10.820000000000000                               -42.877482449667767
10.821000000000000                               -42.842229207352347
10.821999999999999                               -42.806842394008051
10.823000000000000                               -42.771320965335434
10.824000000000000                               -42.735663864666691
10.824999999999999                               -42.699870022769389
10.826000000000001                               -42.663938357646821
10.827000000000000                               -42.627867774333637
10.827999999999999                               -42.591657164688222
10.829000000000001                               -42.555305407180050
10.830000000000000                               -42.518811366673475
10.831000000000000                               -42.482173894206468
10.832000000000001                               -42.445391826765544
10.833000000000000                               -42.408463987055363
10.834000000000000                               -42.371389183264192
10.835000000000001                               -42.334166208824264
10.836000000000000                               -42.296793842166984
10.837000000000000                               -42.259270846473498
10.837999999999999                               -42.221595969419674
10.839000000000000                               -42.183767942915928
10.840000000000000                               -42.145785482841418
10.840999999999999                               -42.107647288772824
10.842000000000001                               -42.069352043707084
10.843000000000000                               -42.030898413778601
10.843999999999999                               -41.992285047969830
10.845000000000001                               -41.953510577816317
10.846000000000000                               -41.914573617104864
10.847000000000000                               -41.875472761565121
10.848000000000001                               -41.836206588555022
10.849000000000000                               -41.796773656738509
10.850000000000000                               -41.757172505756941
10.851000000000001                               -41.717401655892587
10.852000000000000                               -41.677459607725353
10.853000000000000                               -41.637344841781001
10.853999999999999                               -41.597055818172450
10.855000000000000                               -41.556590976232066
10.856000000000000                               -41.515948734136401
10.856999999999999                               -41.475127488522162
10.858000000000001                               -41.434125614092977
10.859000000000000                               -41.392941463218087
10.859999999999999                               -41.351573365520792
10.861000000000001                               -41.310019627458423
10.862000000000000                               -41.268278531891305
10.863000000000000                               -41.226348337643131
10.864000000000001                               -41.184227279049630
10.865000000000000                               -41.141913565497710
10.866000000000000                               -41.099405380952916
10.867000000000001                               -41.056700883476196
10.868000000000000                               -41.013798204728886
10.869000000000000                               -40.970695449465630
10.869999999999999                               -40.927390695015646
10.871000000000000                               -40.883881990750588
10.872000000000000                               -40.840167357540423
10.872999999999999                               -40.796244787195086
10.874000000000001                               -40.752112241893094
10.875000000000000                               -40.707767653595525
10.875999999999999                               -40.663208923445964
10.877000000000001                               -40.618433921154761
10.878000000000000                               -40.573440484368831
10.879000000000000                               -40.528226418024580
10.880000000000001                               -40.482789493684983
10.881000000000000                               -40.437127448859755
10.882000000000000                               -40.391237986307893
10.882999999999999                               -40.345118773322682
10.884000000000000                               -40.298767440997487
10.885000000000000                               -40.252181583473501
10.885999999999999                               -40.205358757166671
10.887000000000000                               -40.158296479975419
10.888000000000000                               -40.110992230466557
10.888999999999999                               -40.063443447040186
10.890000000000001                               -40.015647527072019
10.891000000000000                               -39.967601826032592
10.891999999999999                               -39.919303656583317
10.893000000000001                               -39.870750287647034
10.894000000000000                               -39.821938943454278
10.895000000000000                               -39.772866802562447
10.896000000000001                               -39.723530996848879
10.897000000000000                               -39.673928610474903
10.898000000000000                               -39.624056678822257
10.898999999999999                               -39.573912187398456
10.900000000000000                               -39.523492070712400
10.901000000000000                               -39.472793211117342
10.901999999999999                               -39.421812437621057
10.903000000000000                               -39.370546524662288
10.904000000000000                               -39.318992190851148
10.904999999999999                               -39.267146097673987
10.906000000000001                               -39.215004848159168
10.907000000000000                               -39.162564985505249
10.907999999999999                               -39.109822991667109
10.909000000000001                               -39.056775285901367
10.910000000000000                               -39.003418223267346
10.911000000000000                               -38.949748093083926
10.912000000000001                               -38.895761117338942
10.913000000000000                               -38.841453449050356
10.914000000000000                               -38.786821170578079
10.914999999999999                               -38.731860291882334
10.916000000000000                               -38.676566748729627
10.917000000000000                               -38.620936400841501
10.917999999999999                               -38.564965029986212
10.919000000000000                               -38.508648338009273
10.920000000000000                               -38.451981944802313
10.920999999999999                               -38.394961386206106
10.922000000000001                               -38.337582111846949
10.923000000000000                               -38.279839482902474
10.923999999999999                               -38.221728769794431
10.925000000000001                               -38.163245149806656
10.926000000000000                               -38.104383704623260
10.927000000000000                               -38.045139417785833
10.928000000000001                               -37.985507172065013
10.929000000000000                               -37.925481746743934
10.930000000000000                               -37.865057814808821
10.930999999999999                               -37.804229940044685
10.932000000000000                               -37.742992574029969
10.933000000000000                               -37.681340053028087
10.933999999999999                               -37.619266594770124
10.935000000000000                               -37.556766295124284
10.936000000000000                               -37.493833124648440
10.936999999999999                               -37.430460925018835
10.938000000000001                               -37.366643405331857
10.939000000000000                               -37.302374138270828
10.940000000000000                               -37.237646556134877
10.941000000000001                               -37.172453946720609
10.942000000000000                               -37.106789449053309
10.943000000000000                               -37.040646048957790
10.944000000000001                               -36.974016574464727
10.945000000000000                               -36.906893691042171
10.946000000000000                               -36.839269896646762
10.946999999999999                               -36.771137516584396
10.948000000000000                               -36.702488698172573
10.949000000000000                               -36.633315405195326
10.949999999999999                               -36.563609412139691
10.951000000000001                               -36.493362298205355
10.952000000000000                               -36.422565441074106
10.952999999999999                               -36.351210010430336
10.954000000000001                               -36.279286961217714
10.955000000000000                               -36.206787026621782
10.956000000000000                               -36.133700710762085
10.957000000000001                               -36.060018281082392
10.958000000000000                               -35.985729760421243
10.959000000000000                               -35.910824918747920
10.960000000000001                               -35.835293264547147
10.961000000000000                               -35.759124035832848
10.962000000000000                               -35.682306190773673
10.962999999999999                               -35.604828397907909
10.964000000000000                               -35.526679025928075
10.965000000000000                               -35.447846133010273
10.965999999999999                               -35.368317455665753
10.967000000000001                               -35.288080397086652
10.968000000000000                               -35.207122014960561
10.968999999999999                               -35.125429008722186
10.970000000000001                               -35.042987706211839
10.971000000000000                               -34.959784049708396
10.972000000000000                               -34.875803581298342
10.973000000000001                               -34.791031427545974
10.974000000000000                               -34.705452283421160
10.975000000000000                               -34.619050395444489
10.976000000000001                               -34.531809544000019
10.977000000000000                               -34.443713024769231
10.978000000000000                               -34.354743629230271
10.978999999999999                               -34.264883624168185
10.980000000000000                               -34.174114730133347
10.981000000000000                               -34.082418098782874
10.981999999999999                               -33.989774289037001
10.983000000000001                               -33.896163241971287
10.984000000000000                               -33.801564254368138
10.984999999999999                               -33.705955950835992
10.986000000000001                               -33.609316254406927
10.987000000000000                               -33.511622355507193
10.988000000000000                               -33.412850679196247
10.989000000000001                               -33.312976850552495
10.990000000000000                               -33.211975658082608
10.991000000000000                               -33.109821015014425
10.992000000000001                               -33.006485918326298
10.993000000000000                               -32.901942405353282
10.994000000000000                               -32.796161507792789
10.994999999999999                               -32.689113202925114
10.996000000000000                               -32.580766361839942
10.997000000000000                               -32.471088694448625
10.997999999999999                               -32.360046691037674
10.999000000000001                               -32.247605560102002
11.000000000000000                               -32.133729162166148
11.000999999999999                               -32.018379939283996
11.002000000000001                               -31.901518839869560
11.003000000000000                               -31.783105238485838
11.004000000000000                               -31.663096850178434
11.005000000000001                               -31.541449638907075
11.006000000000000                               -31.418117719575235
11.007000000000000                               -31.293053253117151
11.007999999999999                               -31.166206334041526
11.009000000000000                               -31.037524869776327
11.010000000000000                               -30.906954451081692
11.010999999999999                               -30.774438212730036
11.012000000000000                               -30.639916683560934
11.013000000000000                               -30.503327624929859
11.013999999999999                               -30.364605856447994
11.015000000000001                               -30.223683067802753
11.016000000000000                               -30.080487615301536
11.016999999999999                               -29.934944301626857
11.018000000000001                               -29.786974137117056
11.019000000000000                               -29.636494080680244
11.020000000000000                               -29.483416758225083
11.021000000000001                               -29.327650156223974
11.022000000000000                               -29.169097287739302
11.023000000000000                               -29.007655827879319
11.023999999999999                               -28.843217715278673
11.025000000000000                               -28.675668715731373
11.026000000000000                               -28.504887943584727
11.026999999999999                               -28.330747335908555
11.028000000000000                               -28.153111073727402
11.029000000000000                               -27.971834943816653
11.029999999999999                               -27.786765633584160
11.031000000000001                               -27.597739950465062
11.032000000000000                               -27.404583955928633
11.032999999999999                               -27.207112002665038
11.034000000000001                               -27.005125661692709
11.035000000000000                               -26.798412523967038
11.036000000000000                               -26.586744858482927
11.037000000000001                               -26.369878105808098
11.038000000000000                               -26.147549182272009
11.039000000000000                               -25.919474565596214
11.039999999999999                               -25.685348127377203
11.041000000000000                               -25.444838671268990
11.042000000000000                               -25.197587127747155
11.042999999999999                               -24.943203346508135
11.044000000000000                               -24.681262415474929
11.045000000000000                               -24.411300420337941
11.045999999999999                               -24.132809539846637
11.047000000000001                               -23.845232348524075
11.048000000000000                               -23.547955168735349
11.048999999999999                               -23.240300276237512
11.050000000000001                               -22.921516714817599
11.051000000000000                               -22.590769413071978
11.052000000000000                               -22.247126214876197
11.053000000000001                               -21.889542328185954
11.054000000000000                               -21.516841555137411
11.055000000000000                               -21.127693477063588
11.055999999999999                               -20.720585512238323
11.057000000000000                               -20.293788415012827
11.058000000000000                               -19.845313302961017
11.058999999999999                               -19.372857625290280
11.060000000000000                               -18.873736533374199
11.061000000000000                               -18.344794749756201
11.061999999999999                               -17.782292051442202
11.063000000000001                               -17.181752570965678
11.064000000000000                               -16.537763784924454
11.065000000000000                               -15.843704548261998
11.066000000000001                               -15.091371709357546
11.067000000000000                               -14.270460138668174
11.068000000000000                               -13.367829795029865
11.069000000000001                               -12.366466333365839
11.070000000000000                               -11.244021608941408
11.071000000000000                                -9.970874109338473
11.071999999999999                                -8.508072708755767
11.073000000000000                                -6.807612779593057
11.074000000000000                                -4.826998547805654
11.074999999999999                                -2.610975439433983
11.076000000000001                                -0.609545174141031
11.077000000000000                                -0.074598694998369
11.077999999999999                                -1.534061130649224
11.079000000000001                                -3.745833107701499
11.080000000000000                                -5.858061025886037
11.081000000000000                                -7.690054063009536
11.082000000000001                                -9.260453179829234
11.083000000000000                               -10.618391976040682
11.084000000000000                               -11.807704719660190
11.085000000000001                               -12.862390541538504
11.086000000000000                               -13.808111674243131
11.087000000000000                               -14.664297076555776
11.087999999999999                               -15.445841834447979
11.089000000000000                               -16.164339337429382
11.090000000000000                               -16.828951731583778
11.090999999999999                               -17.447024900976647
11.092000000000001                               -18.024527259995573
11.093000000000000                               -18.566367088609695
11.093999999999999                               -19.076625397067883
11.095000000000001                               -19.558729298541987
11.096000000000000                               -20.015582894850610
11.097000000000000                               -20.449667389292273
11.098000000000001                               -20.863118603426102
11.099000000000000                               -21.257787683577337
11.100000000000000                               -21.635289146198929
11.101000000000001                               -21.997039276103099
11.102000000000000                               -22.344287094116353
11.103000000000000                               -22.678139543207422
11.103999999999999                               -22.999582133508312
11.105000000000000                               -23.309495988861030
11.106000000000000                               -23.608672018219533
11.106999999999999                               -23.897822772017005
11.108000000000001                               -24.177592420916891
11.109000000000000                               -24.448565201331117
11.109999999999999                               -24.711272600876505
11.111000000000001                               -24.966199502029095
11.112000000000000                               -25.213789459508440
11.113000000000000                               -25.454449253491703
11.114000000000001                               -25.688552834361680
11.115000000000000                               -25.916444753748223
11.116000000000000                               -26.138443159901460
11.117000000000001                               -26.354842421960040
11.118000000000000                               -26.565915436834516
11.119000000000000                               -26.771915663566688
11.119999999999999                               -26.973078922834102
11.121000000000000                               -27.169624993330149
11.122000000000000                               -27.361759031876520
11.122999999999999                               -27.549672840070581
11.124000000000001                               -27.733545996920007
11.125000000000000                               -27.913546874094383
11.125999999999999                               -28.089833548071951
11.127000000000001                               -28.262554621480753
11.128000000000000                               -28.431849964247021
11.129000000000000                               -28.597851383762929
11.130000000000001                               -28.760683232059300
11.131000000000000                               -28.920462956952665
11.132000000000000                               -29.077301603247339
11.132999999999999                               -29.231304269322994
11.134000000000000                               -29.382570523782420
11.135000000000000                               -29.531194786279357
11.135999999999999                               -29.677266676146523
11.137000000000000                               -29.820871332043946
11.138000000000000                               -29.962089705460716
11.138999999999999                               -30.100998830594708
11.140000000000001                               -30.237672072856313
11.141000000000000                               -30.372179357988145
11.141999999999999                               -30.504587383592781
11.143000000000001                               -30.634959814657655
11.144000000000000                               -30.763357464512247
11.145000000000000                               -30.889838462493614
11.146000000000001                               -31.014458409480554
11.147000000000000                               -31.137270522328862
11.148000000000000                               -31.258325768146765
11.148999999999999                               -31.377672989255633
11.150000000000000                               -31.495359019596989
11.151000000000000                               -31.611428793282951
11.151999999999999                               -31.725925445914616
11.153000000000000                               -31.838890409240719
11.154000000000000                               -31.950363499670363
11.154999999999999                               -32.060383001118645
11.156000000000001                               -32.168985742609436
11.157000000000000                               -32.276207171032048
11.157999999999999                               -32.382081419406028
11.159000000000001                               -32.486641370987137
11.160000000000000                               -32.589918719512347
11.161000000000000                               -32.691944025858660
11.162000000000001                               -32.792746771372578
11.163000000000000                               -32.892355408095455
11.164000000000000                               -32.990797406106658
11.164999999999999                               -33.088099298174470
11.166000000000000                               -33.184286721901493
11.167000000000000                               -33.279384459524870
11.167999999999999                               -33.373416475533347
11.169000000000000                               -33.466405952237771
11.170000000000000                               -33.558375323429885
11.170999999999999                               -33.649346306251282
11.172000000000001                               -33.739339931382816
11.173000000000000                               -33.828376571663753
11.173999999999999                               -33.916475969233694
11.175000000000001                               -34.003657261291465
11.176000000000000                               -34.089939004550345
11.177000000000000                               -34.175339198472003
11.178000000000001                               -34.259875307349425
11.179000000000000                               -34.343564281307785
11.180000000000000                               -34.426422576283862
11.180999999999999                               -34.508466173046031
11.182000000000000                               -34.589710595308517
11.183000000000000                               -34.670170926989030
11.183999999999999                               -34.749861828662809
11.185000000000000                               -34.828797553250766
11.186000000000000                               -34.906991960991377
11.186999999999999                               -34.984458533728699
11.188000000000001                               -35.061210388559751
11.189000000000000                               -35.137260290868710
11.190000000000000                               -35.212620666787167
11.191000000000001                               -35.287303615106111
11.192000000000000                               -35.361320918670145
11.193000000000000                               -35.434684055280698
11.194000000000001                               -35.507404208131966
11.195000000000000                               -35.579492275805819
11.196000000000000                               -35.650958881845369
11.196999999999999                               -35.721814383930827
11.198000000000000                               -35.792068882674123
11.199000000000000                               -35.861732230054621
11.199999999999999                               -35.930814037510409
