10.800000000000001                               -43.525160743724143
10.800801603206413                               -43.498791317361366
10.801603206412826                               -43.472347499092372
10.802404809619238                               -43.445828856128010
10.803206412825650                               -43.419234951864716
10.804008016032064                               -43.392565345840026
10.804809619238478                               -43.365819593686872
10.805611222444890                               -43.338997247087228
10.806412825651302                               -43.312097853725000
10.807214428857716                               -43.285120957238647
10.808016032064129                               -43.258066097172694
10.808817635270540                               -43.230932808928493
10.809619238476953                               -43.203720623714474
10.810420841683367                               -43.176429068495494
10.811222444889781                               -43.149057665941662
10.812024048096193                               -43.121605934375879
10.812825651302605                               -43.094073387721281
10.813627254509019                               -43.066459535446874
10.814428857715431                               -43.038763882513777
10.815230460921844                               -43.010985929319091
10.816032064128256                               -42.983125171640268
10.816833667334668                               -42.955181100577242
10.817635270541082                               -42.927153202495091
10.818436873747496                               -42.899040958964719
10.819238476953908                               -42.870843846703295
10.820040080160320                               -42.842561337513075
10.820841683366734                               -42.814192898220028
10.821643286573147                               -42.785737990611103
10.822444889779558                               -42.757196071370373
10.823246492985971                               -42.728566592014239
10.824048096192385                               -42.699848998826077
10.824849699398799                               -42.671042732789203
10.825651302605211                               -42.642147229518976
10.826452905811623                               -42.613161919194049
10.827254509018037                               -42.584086226485965
10.828056112224449                               -42.554919570488593
10.828857715430862                               -42.525661364645060
10.829659318637274                               -42.496311016674994
10.830460921843686                               -42.466867928498893
10.831262525050100                               -42.437331496163154
10.832064128256514                               -42.407701109762257
10.832865731462926                               -42.377976153360649
10.833667334669338                               -42.348156004912632
10.834468937875751                               -42.318240036181678
10.835270541082165                               -42.288227612657742
10.836072144288577                               -42.258118093473712
10.836873747494989                               -42.227910831319974
10.837675350701403                               -42.197605172357740
10.838476953907817                               -42.167200456131198
10.839278557114229                               -42.136696015477895
10.840080160320641                               -42.106091176437424
10.840881763527054                               -42.075385258158782
10.841683366733466                               -42.044577572806475
10.842484969939880                               -42.013667425464192
10.843286573146292                               -41.982654114037729
10.844088176352704                               -41.951536929155246
10.844889779559118                               -41.920315154067048
10.845691382765532                               -41.888988064542339
10.846492985971945                               -41.857554928765111
10.847294589178356                               -41.826015007227696
10.848096192384769                               -41.794367552622461
10.848897795591183                               -41.762611809732100
10.849699398797595                               -41.730747015317462
10.850501002004007                               -41.698772398003470
10.851302605210421                               -41.666687178163009
10.852104208416835                               -41.634490567799091
10.852905811623247                               -41.602181770424494
10.853707414829659                               -41.569759980939352
10.854509018036072                               -41.537224385506320
10.855310621242484                               -41.504574161424131
10.856112224448898                               -41.471808476998206
10.856913827655310                               -41.438926491408978
10.857715430861722                               -41.405927354578026
10.858517034068136                               -41.372810207031819
10.859318637274550                               -41.339574179762550
10.860120240480963                               -41.306218394086528
10.860921843687374                               -41.272741961500529
10.861723446893787                               -41.239143983534078
10.862525050100201                               -41.205423551600717
10.863326653306613                               -41.171579746844920
10.864128256513025                               -41.137611639987327
10.864929859719439                               -41.103518291165877
10.865731462925853                               -41.069298749774973
10.866533066132265                               -41.034952054301151
10.867334669338677                               -41.000477232155255
10.868136272545090                               -40.965873299501823
10.868937875751502                               -40.931139261085079
10.869739478957916                               -40.896274110051706
10.870541082164330                               -40.861276827769480
10.871342685370742                               -40.826146383643476
10.872144288577154                               -40.790881734927126
10.872945891783568                               -40.755481826531565
10.873747494989981                               -40.719945590829127
10.874549098196391                               -40.684271947454739
10.875350701402805                               -40.648459803101403
10.876152304609219                               -40.612508051313995
10.876953907815631                               -40.576415572276517
10.877755511022043                               -40.540181232596957
10.878557114228457                               -40.503803885086157
10.879358717434870                               -40.467282368533731
10.880160320641282                               -40.430615507478123
10.880961923847696                               -40.393802111972960
10.881763527054108                               -40.356840977347630
10.882565130260520                               -40.319730883963516
10.883366733466934                               -40.282470596965311
10.884168336673348                               -40.245058866026511
10.884969939879760                               -40.207494425090061
10.885771543086172                               -40.169775992103212
10.886573146292585                               -40.131902268747375
10.887374749498999                               -40.093871940161378
10.888176352705409                               -40.055683674659591
10.888977955911823                               -40.017336123443165
10.889779559118237                               -39.978827920306472
10.890581162324651                               -39.940157681335350
10.891382765531063                               -39.901324004600596
10.892184368737475                               -39.862325469843306
10.892985971943888                               -39.823160638154256
10.893787575150300                               -39.783828051646026
10.894589178356714                               -39.744326233117825
10.895390781563126                               -39.704653685712742
10.896192384769538                               -39.664808892567351
10.896993987975952                               -39.624790316454032
10.897795591182366                               -39.584596399414707
10.898597194388778                               -39.544225562386316
10.899398797595190                               -39.503676204817843
10.900200400801603                               -39.462946704279027
10.901002004008017                               -39.422035416059764
10.901803607214427                               -39.380940672760140
10.902605210420841                               -39.339660783871025
10.903406813627255                               -39.298194035345844
10.904208416833669                               -39.256538689160799
10.905010020040081                               -39.214692982866083
10.905811623246493                               -39.172655129126149
10.906613226452906                               -39.130423315248507
10.907414829659318                               -39.087995702702479
10.908216432865732                               -39.045370426625574
10.909018036072144                               -39.002545595318338
10.909819639278556                               -38.959519289726799
10.910621242484970                               -38.916289562912866
10.911422845691384                               -38.872854439511634
10.912224448897796                               -38.829211915175016
10.913026052104208                               -38.785359956002083
10.913827655310621                               -38.741296497955510
10.914629258517035                               -38.697019446263411
10.915430861723447                               -38.652526674805671
10.916232464929859                               -38.607816025486123
10.917034068136273                               -38.562885307587230
10.917835671342687                               -38.517732297110456
10.918637274549098                               -38.472354736098069
10.919438877755510                               -38.426750331938841
10.920240480961924                               -38.380916756654663
10.921042084168336                               -38.334851646170257
10.921843687374750                               -38.288552599562564
10.922645290581162                               -38.242017178291661
10.923446893787574                               -38.195242905410055
10.924248496993988                               -38.148227264752911
10.925050100200401                               -38.100967700105237
10.925851703406815                               -38.053461614348031
10.926653306613225                               -38.005706368580697
10.927454909819639                               -37.957699281219782
10.928256513026053                               -37.909437627074709
10.929058116232465                               -37.860918636396285
10.929859719438877                               -37.812139493900560
10.930661322645291                               -37.763097337765103
10.931462925851704                               -37.713789258598339
10.932264529058116                               -37.664212298378899
10.933066132264528                               -37.614363449366678
10.933867735470942                               -37.564239652981371
10.934669338677354                               -37.513837798651991
10.935470941883768                               -37.463154722630648
10.936272545090180                               -37.412187206774703
10.937074148296592                               -37.360931977291692
10.937875751503006                               -37.309385703450452
10.938677354709419                               -37.257544996252200
10.939478957915833                               -37.205406407064373
10.940280561122243                               -37.152966426213112
10.941082164328657                               -37.100221481534497
10.941883767535071                               -37.047167936882687
10.942685370741483                               -36.993802090593022
10.943486973947895                               -36.940120173898620
10.944288577154309                               -36.886118349298691
10.945090180360722                               -36.831792708878169
10.945891783567134                               -36.777139272573947
10.946693386773546                               -36.722153986388555
10.947494989979960                               -36.666832720547752
10.948296593186372                               -36.611171267601193
10.949098196392786                               -36.555165340461755
10.949899799599200                               -36.498810570383945
10.950701402805610                               -36.442102504877433
10.951503006012024                               -36.385036605552664
10.952304609218437                               -36.327608245898283
10.953106212424851                               -36.269812708985199
10.953907815631261                               -36.211645185095328
10.954709418837675                               -36.153100769272470
10.955511022044089                               -36.094174458792054
10.956312625250501                               -36.034861150546142
10.957114228456913                               -35.975155638340041
10.957915831663327                               -35.915052610097469
10.958717434869740                               -35.854546644971009
10.959519038076152                               -35.793632210352968
10.960320641282566                               -35.732303658782044
10.961122244488978                               -35.670555224744099
10.961923847695390                               -35.608381021358127
10.962725450901804                               -35.545775036948605
10.963527054108217                               -35.482731131492493
10.964328657314629                               -35.419243032941779
10.965130260521041                               -35.355304333410906
10.965931863727455                               -35.290908485228002
10.966733466933869                               -35.226048796839883
10.967535070140279                               -35.160718428567172
10.968336673346693                               -35.094910388200219
10.969138276553107                               -35.028617526432257
10.969939879759520                               -34.961832532119047
10.970741482965931                               -34.894547927358467
10.971543086172344                               -34.826756062381961
10.972344689378758                               -34.758449110249302
10.973146292585170                               -34.689619061336785
10.973947895791584                               -34.620257717608979
10.974749498997996                               -34.550356686665381
10.975551102204408                               -34.479907375548684
10.976352705410822                               -34.408900984306619
10.977154308617235                               -34.337328499291161
10.977955911823647                               -34.265180686186625
10.978757515030059                               -34.192448082748570
10.979559118236473                               -34.119120991245580
10.980360721442887                               -34.045189470581008
10.981162324649297                               -33.970643328085885
10.981963927855711                               -33.895472110960583
10.982765531062125                               -33.819665097352008
10.983567134268538                               -33.743211287042911
10.984368737474950                               -33.666099391736715
10.985170340681362                               -33.588317824913744
10.985971943887776                               -33.509854691237756
10.986773547094188                               -33.430697775488539
10.987575150300602                               -33.350834530993964
10.988376753507014                               -33.270252067534379
10.989178356713426                               -33.188937138690370
10.989979959919840                               -33.106876128604689
10.990781563126253                               -33.024055038121027
10.991583166332665                               -32.940459470268912
10.992384769539077                               -32.856074615053863
10.993186372745491                               -32.770885233516239
10.993987975951905                               -32.684875641011146
10.994789579158317                               -32.598029689667875
10.995591182364729                               -32.510330749978550
10.996392785571143                               -32.421761691461541
10.997194388777556                               -32.332304862347804
10.997995991983968                               -32.241942068226081
10.998797595190380                               -32.150654549583713
10.999599198396794                               -32.058422958174887
11.000400801603206                               -31.965227332141811
11.001202404809620                               -31.871047069806643
11.002004008016032                               -31.775860902053218
11.002805611222444                               -31.679646863198453
11.003607214428857                               -31.582382260264701
11.004408817635271                               -31.484043640533553
11.005210420841683                               -31.384606757276842
11.006012024048095                               -31.284046533530496
11.006813627254509                               -31.182337023783504
11.007615230460923                               -31.079451373430018
11.008416833667335                               -30.975361775833147
11.009218436873747                               -30.870039426821446
11.010020040080160                               -30.763454476438508
11.010821643286574                               -30.655575977743553
11.011623246492986                               -30.546371832438346
11.012424849699398                               -30.435808733092259
11.013226452905812                               -30.323852101694115
11.014028056112224                               -30.210466024260580
11.014829659318638                               -30.095613181181214
11.015631262525050                               -29.979254772974308
11.016432865731462                               -29.861350441075345
11.017234468937875                               -29.741858183264299
11.018036072144289                               -29.620734263280589
11.018837675350703                               -29.497933114152044
11.019639278557113                               -29.373407234694987
11.020440881763527                               -29.247107078605413
11.021242484969941                               -29.118980935496538
11.022044088176353                               -28.988974803169938
11.022845691382765                               -28.857032250333777
11.023647294589178                               -28.723094268898571
11.024448897795592                               -28.587099114892656
11.025250501002004                               -28.448982136923981
11.026052104208416                               -28.308675591005578
11.026853707414830                               -28.166108440421105
11.027655310621242                               -28.021206139164157
11.028456913827656                               -27.873890397307161
11.029258517034069                               -27.724078926457267
11.030060120240480                               -27.571685163250550
11.030861723446893                               -27.416617968565582
11.031663326653307                               -27.258781299862257
11.032464929859721                               -27.098073853720180
11.033266533066131                               -26.934388675262660
11.034068136272545                               -26.767612730730335
11.034869739478959                               -26.597626438963516
11.035671342685371                               -26.424303156966765
11.036472945891783                               -26.247508614061900
11.037274549098196                               -26.067100288355363
11.038076152304610                               -25.882926718340180
11.038877755511022                               -25.694826741379366
11.039679358717434                               -25.502628649582782
11.040480961923848                               -25.306149252117102
11.041282565130260                               -25.105192831266049
11.042084168336673                               -24.899549977513939
11.042885771543087                               -24.688996286482187
11.043687374749499                               -24.473290897673046
11.044488977955911                               -24.252174851486114
11.045290581162325                               -24.025369236835743
11.046092184368739                               -23.792573096631152
11.046893787575149                               -23.553461052331528
11.047695390781563                               -23.307680601346895
11.048496993987976                               -23.054849031997698
11.049298597194390                               -22.794549889603385
11.050100200400800                               -22.526328913482772
11.050901803607214                               -22.249689347554018
11.051703406813628                               -21.964086505858255
11.052505010020040                               -21.668921447448707
11.053306613226454                               -21.363533581137077
11.054108216432866                               -21.047191977360381
11.054909819639278                               -20.719085109029486
11.055711422845691                               -20.378308671723715
11.056513026052105                               -20.023851040621786
11.057314629258517                               -19.654575799758412
11.058116232464929                               -19.269200618286522
11.058917835671343                               -18.866271534157786
11.059719438877757                               -18.444131417828416
11.060521042084167                               -18.000880998861820
11.061322645290581                               -17.534330306016514
11.062124248496994                               -17.041937638961766
11.062925851703408                               -16.520732175048913
11.063727454909820                               -15.967214902986306
11.064529058116232                               -15.377230610832912
11.065330661322646                               -14.745800942956393
11.066132264529058                               -14.066904881661376
11.066933867735472                               -13.333188361127963
11.067735470941884                               -12.535579720213279
11.068537074148296                               -11.662785301956770
11.069338677354709                               -10.700650071724731
11.070140280561123                                -9.631425458720582
11.070941883767535                                -8.433200142668142
11.071743486973947                                -7.080479389417912
11.072545090180361                                -5.549348791893816
11.073346693386775                                -3.838698435866108
11.074148296593185                                -2.041691237765980
11.074949899799599                                -0.523144462724541
11.075751503006012                                -0.015183670885962
11.076553106212426                                -0.886131554172025
11.077354709418838                                -2.543658706831953
11.078156312625250                                -4.334340762211919
11.078957915831664                                -5.994477997725851
11.079759519038076                                -7.470449292345370
11.080561122244490                                -8.773944807010000
11.081362725450902                                -9.930426970902985
11.082164328657313                               -10.964584567387934
11.082965931863727                               -11.897119074165643
11.083767535070141                               -12.744680843400644
11.084569138276553                               -13.520536859843890
11.085370741482965                               -14.235288223152292
11.086172344689379                               -14.897471350714291
11.086973947895792                               -15.514025777668179
11.087775551102204                               -16.090649246288727
11.088577154308616                               -16.632065729850545
11.089378757515030                               -17.142228321790430
11.090180360721444                               -17.624473871563819
11.090981963927856                               -18.081641863824611
11.091783567134268                               -18.516166664486111
11.092585170340682                               -18.930149779289472
11.093386773547094                               -19.325416981958149
11.094188376753507                               -19.703563884608794
11.094989979959919                               -20.065992598841532
11.095791583166331                               -20.413941467764470
11.096593186372745                               -20.748509362473445
11.097394789579159                               -21.070675679425154
11.098196392785573                               -21.381316910723225
11.098997995991983                               -21.681220462053400
11.099799599198397                               -21.971096244505702
11.100601202404810                               -22.251586453800314
11.101402805611222                               -22.523273864276575
11.102204408817634                               -22.786688898520758
11.103006012024048                               -23.042315681985492
11.103807615230462                               -23.290597251562374
11.104609218436874                               -23.531940055381725
11.105410821643286                               -23.766717855908709
11.106212424849700                               -23.995275128413024
11.107014028056112                               -24.217930030761536
11.107815631262525                               -24.434977007576293
11.108617234468937                               -24.646689081246691
11.109418837675349                               -24.853319873775270
11.110220440881763                               -25.055105396380437
11.111022044088177                               -25.252265638062674
11.111823647294591                               -25.445005979534976
11.112625250501001                               -25.633518455006353
11.113426853707415                               -25.817982880986538
11.114228456913828                               -25.998567868536092
11.115030060120240                               -26.175431733074181
11.115831663326652                               -26.348723313911762
11.116633266533066                               -26.518582714020418
11.117434869739480                               -26.685141969149768
11.118236472945892                               -26.848525654231260
11.119038076152304                               -27.008851433965301
11.119839679358718                               -27.166230563645254
11.120641282565130                               -27.320768345496155
11.121442885771543                               -27.472564545190966
11.122244488977957                               -27.621713772624222
11.123046092184369                               -27.768305830563552
11.123847695390781                               -27.912426034368369
11.124649298597195                               -28.054155505602544
11.125450901803609                               -28.193571442057600
11.126252505010019                               -28.330747366420916
11.127054108216432                               -28.465753355580755
11.127855711422846                               -28.598656252344355
11.128657314629258                               -28.729519861164427
11.129458917835670                               -28.858405129299687
11.130260521042084                               -28.985370314689192
11.131062124248498                               -29.110471141688731
11.131863727454910                               -29.233760945709399
11.132665330661323                               -29.355290807692903
11.133466933867735                               -29.475109679265245
11.134268537074147                               -29.593264499335241
11.135070140280561                               -29.709800302827574
11.135871743486975                               -29.824760322178001
11.136673346693387                               -29.938186082162986
11.137474949899799                               -30.050117488579467
11.138276553106213                               -30.160592911247136
11.139078156312626                               -30.269649261763014
11.139879759519037                               -30.377322066403437
11.140681362725450                               -30.483645534529874
11.141482965931864                               -30.588652622827368
11.142284569138278                               -30.692375095675828
11.143086172344688                               -30.794843581932255
11.143887775551102                               -30.896087628374602
11.144689378757516                               -30.996135750040182
11.145490981963928                               -31.095015477672199
11.146292585170341                               -31.192753402473272
11.147094188376753                               -31.289375218345377
11.147895791583165                               -31.384905761783777
11.148697394789579                               -31.479369049579191
11.149498997995993                               -31.572788314473208
11.150300601202405                               -31.665186038895072
11.151102204408817                               -31.756583986908122
11.151903807615231                               -31.847003234469131
11.152705410821644                               -31.936464198117484
11.153507014028055                               -32.024986662182179
11.154308617234468                               -32.112589804603132
11.155110220440882                               -32.199292221446647
11.155911823647296                               -32.285111950194583
11.156713426853708                               -32.370066491882923
11.157515030060120                               -32.454172832153162
11.158316633266534                               -32.537447461282227
11.159118236472946                               -32.619906393247973
11.159919839679359                               -32.701565183889009
11.160721442885771                               -32.782438948206128
11.161523046092183                               -32.862542376855416
11.162324649298597                               -32.941889751876467
11.163126252505011                               -33.020494961701196
11.163927855711423                               -33.098371515478711
11.164729458917835                               -33.175532556754405
11.165531062124249                               -33.251990876538905
11.166332665330662                               -33.327758925798065
11.167134268537074                               -33.402848827395140
11.167935871743486                               -33.477272387513970
11.168737474949900                               -33.551041106588691
11.169539078156314                               -33.624166189765724
11.170340681362726                               -33.696658556923730
11.171142284569138                               -33.768528852271899
11.171943887775551                               -33.839787453547466
11.172745490981963                               -33.910444480832538
11.173547094188377                               -33.980509805010804
11.174348697394789                               -34.049993055879874
11.175150300601201                               -34.118903629935708
11.175951903807615                               -34.187250697845030
11.176753507014029                               -34.255043211622493
11.177555110220441                               -34.322289911524749
11.178356713426853                               -34.388999332673869
11.179158316633266                               -34.455179811424955
11.179959919839680                               -34.520839491488118
11.180761523046092                               -34.585986329817906
11.181563126252504                               -34.650628102276798
11.182364729458918                               -34.714772409089115
11.183166332665332                               -34.778426680087861
11.183967935871744                               -34.841598179770202
11.184769539078156                               -34.904294012164101
11.185571142284569                               -34.966521125519726
11.186372745490981                               -35.028286316828591
11.187174348697395                               -35.089596236181436
11.187975951903807                               -35.150457390970409
11.188777555110219                               -35.210876149940979
11.189579158316633                               -35.270858747101613
11.190380761523047                               -35.330411285497107
11.191182364729460                               -35.389539740850601
11.191983967935871                               -35.448249965079121
11.192785571142284                               -35.506547689690024
11.193587174348698                               -35.564438529060084
11.194388777555110                               -35.621927983605673
11.195190380761522                               -35.679021442844395
11.195991983967936                               -35.735724188356876
11.196793587174350                               -35.792041396647811
11.197595190380762                               -35.847978141915632
11.198396793587174                               -35.903539398728547
11.199198396793587                               -35.958730044616750
11.199999999999999                               -36.013554862577990
